New Try
New Try
New Try
New Try
New Try
New Try
New Try
New Try
New Try
0.5928016,0.007803745,6.25006
0.6136469,0.007802613,6.44555
0.6403684,0.007761305,6.581715
0.6664075,0.007755776,6.660588
0.694141,0.00773181,6.770077
0.7192527,0.007809155,6.938365
0.7501425,0.007906354,7.0764
0.7793427,0.008019902,7.258068
0.8076535,0.008237871,7.413095
0.8315209,0.008431768,7.654579
0.85813,0.008823997,7.802831
0.8832462,0.009231985,7.77857
0.908996,0.00967952,7.883838
0.9333472,0.01036675,7.958405
0.962615,0.01110335,8.048302
0.9893637,0.01163583,8.128931
1.015867,0.01245532,8.218885
1.044916,0.01307467,8.235329
1.069879,0.01403651,8.199368
1.102129,0.01502384,8.105445
1.128989,0.01599978,8.052568
1.155567,0.01666564,7.852755
1.186498,0.01755032,7.918842
1.213431,0.01834907,7.967723
1.241279,0.0188338,7.896178
1.272245,0.01952635,7.932761
1.299318,0.02006331,7.944679
1.327899,0.02038071,8.117838
1.357568,0.02056004,8.523138
1.391024,0.02076735,8.764414
1.416202,0.02087169,8.880799
1.444553,0.02095765,9.180442
1.471653,0.02096545,9.72302
1.496618,0.02098258,9.701399
1.525519,0.02099114,9.827613
1.557668,0.02084897,9.756831
1.591147,0.02062917,9.86994
1.618023,0.02040783,9.857739
1.64597,0.0202238,9.866592
1.672893,0.02015976,9.830574
1.698955,0.02017694,9.76966
1.725568,0.02028927,9.720674
1.750476,0.02052385,9.627167
1.777624,0.02070436,9.769821
1.812143,0.02089985,9.910641
1.842519,0.02111808,9.945107
1.875797,0.02126386,10.04073
1.903531,0.02128633,10.2092
1.931151,0.02128046,10.28055
1.95832,0.02128757,10.44259
1.986365,0.02127799,10.65929
2.015363,0.02125626,11.06852
2.040962,0.02127011,11.11521
2.06123,0.02129501,11.16631
2.081806,0.02131528,11.22397
2.104886,0.02134096,11.1095
2.125136,0.02138553,11.13691
2.146724,0.02145198,11.26003
2.16698,0.0215236,11.31496
2.190102,0.02160901,11.32973
2.212837,0.02171007,11.34201
2.233528,0.02181774,11.34548
2.254965,0.02193433,11.33645
2.275129,0.02203964,11.3024
2.294136,0.02216599,11.11175
2.313998,0.02228004,11.04307
2.335405,0.02239058,11.10949
2.356925,0.02250151,11.15729
2.376935,0.02260977,11.20662
2.397149,0.02270717,11.13073
2.420923,0.02279304,11.06587
2.440664,0.02285381,11.00219
2.459686,0.02289028,10.9432
2.478729,0.02292245,11.05352
2.498761,0.02293995,11.03146
2.518787,0.02291506,10.99141
2.539235,0.02285852,10.94839
2.557261,0.02281386,10.91448
2.576759,0.02278252,11.04926
2.596981,0.02273017,11.01108
2.617918,0.02264873,10.96257
2.640778,0.02257542,10.93063
2.663326,0.02251708,10.91448
2.684131,0.0224508,10.89227
2.705864,0.02238939,10.87296
2.724654,0.02234574,10.89329
2.743945,0.02230797,10.9353
2.764083,0.02227659,10.9584
2.783889,0.02226229,10.9458
2.80408,0.02226334,11.1176
2.822023,0.02224275,11.08504
2.848775,0.02222043,11.0775
2.87768,0.02220659,11.10209
2.904868,0.02222899,11.16569
2.930541,0.02223229,11.20458
2.958852,0.02220356,11.27648
2.989353,0.02215185,11.29833
3.018618,0.02211919,11.25263
3.053859,0.02212103,11.19123
3.083596,0.02214584,11.14848
3.114263,0.02226895,11.51357
3.142856,0.02251609,11.50655
3.169633,0.02267839,11.46467
3.198676,0.02282162,11.34314
3.227328,0.02279678,11.42277
3.256319,0.02271208,11.31123
3.290173,0.02270335,11.21465
3.317568,0.02271619,11.33527
3.3453,0.02274922,11.26124
3.372825,0.02281239,11.13777
3.3996,0.02289775,11.03027
3.427708,0.0229677,10.95632
3.454222,0.02303514,10.87301
3.47916,0.02310118,10.72532
3.509215,0.02317251,10.82355
3.541711,0.02322968,10.93013
3.572141,0.0232489,10.79993
3.59732,0.02330105,10.93616
3.624885,0.02334556,10.85351
3.652015,0.02339635,10.73013
3.681509,0.0234009,10.89238
3.740588,0.02331767,10.72604
3.768599,0.02329354,10.91776
3.794337,0.02322867,10.8515
3.823826,0.02311688,10.89681
3.860718,0.02294355,10.84807
3.881704,0.02283951,11.10112
3.902951,0.02278939,11.09691
3.920322,0.02277697,11.10268
3.938346,0.02278186,11.14408
3.956811,0.02280172,11.19582
3.976425,0.02285516,11.24847
3.995732,0.02287245,11.27344
4.018181,0.02287337,11.27589
4.044832,0.02286549,11.25438
4.073326,0.02286566,11.21728
4.104704,0.02287426,11.18192
4.141606,0.02291951,11.14376
4.173683,0.02301802,11.09398
4.20108,0.02307056,11.0653
4.222813,0.02311139,11.03528
4.243814,0.02316212,11.01507
4.262561,0.02319667,11.10046
4.2831,0.02329532,11.11408
4.304038,0.0233574,11.21222
4.322284,0.02336612,11.41629
4.340755,0.02336509,11.74348
4.359913,0.02335877,11.93829
4.379708,0.0233409,12.08498
4.399063,0.02329864,12.29583
4.419079,0.0232762,12.53805
4.438014,0.0232226,12.86584
4.456115,0.02313984,13.2236
4.476032,0.02302915,13.61257
4.50518,0.02281654,14.1791
4.536051,0.02259062,14.7179
4.565876,0.02229006,15.27559
4.592891,0.02197693,15.85501
4.621736,0.021671,16.54406
4.648685,0.02145346,16.69342
4.674544,0.02113569,17.3762
4.705232,0.02079126,17.53862
4.733099,0.02057099,17.3728
4.762881,0.02022198,17.51112
4.794587,0.01988233,17.50961
4.823369,0.01957119,17.40124
4.853079,0.01929478,17.17512
4.881583,0.01905139,17.36969
4.913023,0.01878368,17.39137
4.941657,0.01861552,17.31283
4.974089,0.01840387,17.62826
5.005296,0.01811035,17.64861
5.037622,0.01790021,17.78861
5.06831,0.01776203,17.92013
5.098685,0.01751608,17.99047
5.127156,0.01739836,17.92283
5.155675,0.01720507,18.11621
5.189901,0.01705102,18.09418
5.222198,0.01693217,18.29888
5.25504,0.01682606,18.37619
5.291624,0.0166924,18.39997
5.321985,0.01647718,18.38456
5.356182,0.01616982,18.34942
5.387902,0.01606153,18.15535
5.421671,0.01578719,18.1374
5.449791,0.01562656,18.12347
5.47859,0.01537134,18.08744
5.513596,0.01506908,17.85196
5.54483,0.01469144,17.82505
5.57965,0.01434296,17.95033
5.608475,0.01388396,17.9539
5.64222,0.01337707,17.7804
5.674159,0.01282535,17.79098
5.704946,0.01221748,17.79356
5.732148,0.01176349,17.77831
5.761061,0.01106363,17.7598
5.79222,0.01020419,17.81622
5.821488,0.009620109,17.86471
5.85345,0.009217448,17.90202
5.879926,0.008560426,17.95449
5.907754,0.007878684,18.03037
5.933566,0.00748138,18.08888
5.958496,0.006905718,17.98885
5.985816,0.006487771,18.04859
6.010411,0.005850275,18.18418
6.037656,0.005327704,18.38136
6.065887,0.005032193,18.34897
6.090993,0.00460032,18.59075
6.120625,0.004130694,18.83361
6.14797,0.003674445,18.86967
6.17416,0.003409592,18.87077
6.194223,0.003138629,18.87296
6.214183,0.002871196,18.83735
6.234664,0.002580186,18.91543
6.255888,0.002281273,18.80707
6.280444,0.001842348,18.82335
6.301051,0.001702424,18.8137
6.320638,0.001316433,18.7578
6.344126,0.00110677,18.70654
6.365953,0.0009297959,18.63881
6.388409,0.0007878872,18.56271
6.409694,0.0006339885,18.47581
6.429267,0.0004860605,18.23598
6.450593,0.0003600035,18.1282
6.470268,0.0003220222,18.02057
6.490901,0.0004092267,17.75373
6.510585,0.0005943367,17.64103
6.532523,0.0008290311,17.52922
6.554698,0.001236718,17.35743
6.577529,0.001547611,17.25467
6.600897,0.001841842,17.17737
6.623517,0.002303498,17.03702
6.647772,0.002652435,16.92011
6.674586,0.003207684,16.75222
6.702084,0.003683295,16.60922
6.725157,0.003974267,16.50137
6.747789,0.004284227,16.38052
6.773183,0.004593845,16.12221
6.796662,0.005114673,16.19224
6.819825,0.005497998,16.19543
6.843111,0.0060302,16.30589
6.867749,0.00635765,16.51211
6.889609,0.00671112,16.41915
6.919523,0.007464799,16.62092
6.945404,0.007796697,16.71212
6.970921,0.00825167,16.9858
6.999919,0.008516539,17.3446
7.023983,0.008942009,17.66226
7.047596,0.009261911,17.7266
7.071898,0.009615664,17.78477
7.095221,0.01019604,17.87386
7.122429,0.01069377,17.94376
7.145697,0.01159667,17.97871
7.170771,0.01220485,17.96077
7.193752,0.01279175,18.11463
7.218219,0.01352843,17.91837
7.240068,0.01380716,17.96454
7.263179,0.01390527,17.843
7.286954,0.01377877,17.94674
7.309506,0.01347417,18.195
7.336178,0.01269129,18.21329
7.358112,0.01213264,18.397
New Try
New Try
New Try
New Try
New Try
New Try
New Try
0.6154282,0.01351649,10.15137
0.6368112,0.01286663,10.98286
0.664968,0.01243695,11.30787
0.6916955,0.01181748,11.38008
0.7175375,0.01149229,11.52945
0.7479679,0.01114083,11.8018
0.7818699,0.0108405,11.66571
0.8120672,0.0105998,11.92974
0.8424393,0.01046967,12.00722
0.8699089,0.01025824,11.89067
0.8963872,0.01005579,11.84217
0.9212779,0.009817876,11.74684
0.9482829,0.009701742,11.68923
0.9812102,0.00972374,11.62815
1.011551,0.01001335,11.58764
1.039367,0.01046769,11.51545
1.070524,0.011063,11.4505
1.101387,0.01165544,11.37312
1.135008,0.01218367,11.25669
1.165814,0.01267494,11.1599
1.200024,0.01329774,11.00623
1.228511,0.01359567,10.92761
1.255696,0.01403886,10.80026
1.284121,0.01455528,10.68758
1.310825,0.01493362,10.60749
1.33879,0.0154217,10.44856
1.366885,0.0158013,10.27529
1.398763,0.01616422,9.957694
1.428037,0.01642331,9.733428
1.459901,0.01682835,9.231376
1.520102,0.01686653,9.087699
1.552854,0.01687669,8.980783
1.592052,0.01661915,8.654194
1.621104,0.01641985,8.555497
1.642927,0.01622466,8.498378
1.663446,0.01601346,8.404945
1.683129,0.01576616,8.268451
1.701374,0.01550591,8.170559
1.719099,0.01538915,8.135088
1.736029,0.01516825,8.080629
1.749977,0.01498445,7.99851
1.765008,0.01492206,7.956999
1.787123,0.01480489,7.812233
1.815405,0.01470304,7.626607
1.846483,0.01462453,7.518726
1.87348,0.01456522,7.428246
1.901214,0.01446282,7.460667
1.927657,0.01434613,7.357675
1.953156,0.0142869,7.272597
1.978635,0.01423517,7.16303
2.006628,0.01423984,7.242861
2.033267,0.01426463,7.291833
2.066107,0.01433373,7.145068
2.095644,0.01437289,7.086428
2.122638,0.01444503,6.955448
2.164066,0.01444089,6.739532
2.197205,0.01442875,6.643253
2.231328,0.01440063,6.724587
2.263155,0.01434732,6.610375
2.294806,0.01424054,6.492896
2.319732,0.01409708,6.387826
2.346767,0.01400065,6.325178
2.37149,0.01383847,6.350083
2.399605,0.01364156,6.391479
2.428379,0.013522,6.358785
2.455837,0.0133173,6.31609
2.483638,0.0130372,6.282537
2.514519,0.01277704,6.231965
2.537347,0.01256594,6.164561
2.562307,0.01233798,6.110964
2.588737,0.01200921,6.054175
2.616446,0.01161007,5.977403
2.645471,0.01117143,5.932801
2.672982,0.01072987,5.917185
2.704116,0.0102482,5.876232
2.740372,0.009585635,5.835764
2.77179,0.009134189,5.955259
2.796936,0.008805107,5.983893
2.816182,0.008626577,6.002504
2.835383,0.008303689,6.064238
2.857042,0.008071683,6.191281
2.878298,0.008054349,6.229825
2.897899,0.008017412,6.294136
2.91758,0.00795505,6.290615
2.951053,0.00778839,6.258649
2.970824,0.007607783,6.347365
2.991226,0.007383225,6.425593
3.011688,0.007134698,6.389361
3.030226,0.006845585,6.505839
3.050368,0.006510012,6.519569
3.070163,0.0061289,6.542089
3.090134,0.005724431,6.572502
3.11182,0.005364262,6.641039
3.131293,0.005021421,6.737465
3.153302,0.004704631,6.950709
3.173472,0.004473738,7.04676
3.195547,0.004326639,7.036201
3.216581,0.004210722,6.991678
3.237342,0.004173298,6.986569
3.257329,0.004170354,7.023644
3.277408,0.004183413,7.075374
3.297508,0.004187989,7.112099
3.315375,0.004182655,7.125024
3.338203,0.004201124,7.075901
3.36989,0.004254786,7.02398
3.397859,0.004320054,6.836154
3.426456,0.004388538,6.84868
3.45701,0.004491226,6.96793
3.483392,0.004629291,6.990527
3.510582,0.004739981,6.95353
3.537519,0.004842534,7.078562
3.565276,0.004960232,7.143612
3.596101,0.005057916,7.225233
3.620519,0.005123902,7.340561
3.649624,0.005205787,7.446635
3.678502,0.0052091,7.585144
3.706912,0.005156062,7.667823
3.738493,0.005151172,7.766246
3.769729,0.005084702,7.856153
3.804152,0.005087363,7.937288
3.83427,0.005153506,8.007537
3.867619,0.005266091,8.065164
3.897646,0.005501399,8.133904
3.928719,0.005560804,8.186427
3.956174,0.005598238,8.240952
3.984995,0.005689646,8.265291
4.016767,0.005694702,8.267025
4.043575,0.005657646,8.266574
4.069525,0.005582532,8.232443
4.096495,0.005583565,8.442269
4.124722,0.005591244,8.446618
4.150393,0.005594519,8.467656
4.178232,0.005634101,8.488666
4.205167,0.005744872,8.671245
4.239194,0.005874619,8.812871
4.269304,0.005916834,8.91414
4.299127,0.005962717,9.063733
4.328784,0.0060087,9.146539
4.356616,0.005929183,9.267982
4.383778,0.005747882,9.383096
4.410523,0.005571455,9.480438
4.438818,0.005396084,9.602324
4.467872,0.005295039,9.84079
4.496988,0.005187768,9.984203
4.526304,0.00514777,10.21972
4.55247,0.005131184,10.37507
4.58096,0.005130168,10.52828
4.610388,0.005138801,10.62531
4.639647,0.005116659,10.76777
4.673233,0.005033601,10.86428
4.701422,0.004897651,10.92928
4.733751,0.004720561,10.96805
4.763485,0.004568216,10.99897
4.801392,0.004479017,11.20374
4.832418,0.00447101,11.28818
4.863782,0.004600048,11.51671
4.894979,0.004779564,11.7935
4.919206,0.004925829,11.97777
4.948641,0.005058071,12.09815
4.978005,0.005282133,12.28243
5.006378,0.005524725,12.45397
5.031827,0.005706559,12.54687
5.06073,0.005996607,12.68761
5.085891,0.006300969,12.79607
5.118196,0.006709458,12.90959
5.146186,0.00709267,13.08188
5.172138,0.007319772,13.21416
5.197537,0.00768141,13.43054
5.229216,0.008036664,13.79838
5.261333,0.008392402,13.87423
5.290252,0.008533843,13.92294
5.322134,0.008729906,14.03726
5.352635,0.008926133,14.08274
5.378831,0.009109382,14.20926
5.404407,0.009197789,14.25962
5.431082,0.009340472,14.26292
5.459012,0.009594185,14.21489
5.485625,0.009726676,14.15378
5.511297,0.009925624,14.04277
5.539578,0.01013189,13.89005
5.565647,0.01023866,13.79205
5.59045,0.01037573,13.64208
5.617275,0.01050337,13.34316
5.645616,0.0106515,13.31262
5.672717,0.01075752,13.34389
5.700685,0.01091128,13.37788
5.730241,0.01100355,13.46504
5.762326,0.0111044,13.46422
5.792241,0.01134122,13.46274
5.821677,0.01159882,13.63033
5.851466,0.01181003,13.73002
5.882644,0.01204031,13.84658
5.910647,0.01219752,13.93809
5.93591,0.01237214,14.09103
5.965385,0.01251033,14.23485
5.99269,0.01265779,14.35216
6.017027,0.01275827,14.39856
6.046106,0.01292309,14.45525
6.072025,0.01307234,14.46034
6.098689,0.01333525,14.44604
6.126041,0.01364401,14.40874
6.152704,0.01401117,14.33443
6.179482,0.01426852,14.31022
6.20224,0.0145282,14.2961
6.231896,0.01488986,14.27062
6.255543,0.01532853,14.23851
6.27969,0.01566391,14.35428
6.305834,0.01598889,14.37901
6.331648,0.01644021,14.46425
6.35676,0.01683231,14.61972
6.388257,0.01712307,14.84051
6.416173,0.01740783,15.07288
6.44171,0.01757868,15.225
6.467455,0.01778155,15.50032
6.492269,0.01790676,15.68249
6.516826,0.01818019,15.95318
6.54259,0.01840469,16.1582
6.565731,0.0187033,16.48575
6.593611,0.01890463,16.72379
6.617948,0.0192229,17.09843
6.644463,0.01944384,17.45903
6.667713,0.01975605,17.52642
6.695983,0.01994232,17.59714
6.721795,0.02013171,17.74031
6.748414,0.02027557,17.61775
6.777674,0.02036159,17.63126
6.808345,0.02042519,17.49101
6.833418,0.02047429,17.35089
6.859397,0.02050992,17.17216
6.884515,0.02051045,17.03689
6.910683,0.02053476,16.7056
6.942648,0.02051504,16.64017
6.970306,0.0204383,16.83247
6.996799,0.02032841,16.89554
7.025667,0.02018835,17.15197
7.049964,0.01987937,17.19826
7.074035,0.01962484,17.18805
7.09746,0.01931305,17.19946
7.121655,0.01868667,17.32534
7.14914,0.01790915,17.52501
7.177722,0.01734449,17.65247
7.20333,0.01640787,17.8761
New Try
New Try
New Try
New Try
New Try
New Try
0.8634475,0.01912509,6.858011
0.8863039,0.01860435,7.082469
0.9147312,0.01815468,7.041301
0.9426437,0.01742514,6.985642
0.9657639,0.01694437,6.921638
0.9914279,0.01624898,7.117117
1.01769,0.01582048,7.052854
1.043443,0.01525682,7.042833
1.068088,0.0149383,7.075346
1.09465,0.01443908,7.042443
1.121382,0.01411956,7.122215
1.148877,0.01367038,7.170092
1.177478,0.01325117,7.223658
1.202589,0.01297794,7.246138
1.227882,0.0125622,7.252011
1.252596,0.01227262,7.379004
1.277437,0.01187681,7.469183
1.301107,0.01164629,7.494205
1.326134,0.01144797,7.535072
1.354243,0.01121952,7.572352
1.379918,0.01109215,7.653169
1.406802,0.01104433,7.779604
1.431984,0.01102899,7.852205
1.458711,0.01100931,7.950237
1.481966,0.01093385,8.135449
1.510674,0.01084047,8.322041
1.543145,0.0107756,8.402492
1.57686,0.01060546,8.472989
1.610779,0.0105183,8.421588
1.641526,0.01043038,8.5123
1.671044,0.01023411,8.691155
1.691612,0.01019272,8.795825
1.713129,0.01004786,8.932677
1.73349,0.009996603,9.07019
1.754724,0.009920577,9.123974
1.776017,0.009877322,9.222898
1.79663,0.00986673,9.312449
1.817317,0.009873158,9.358556
1.839847,0.009915523,9.754515
1.861684,0.009939446,9.980834
1.891782,0.009919823,10.11239
1.918921,0.009930411,10.00885
1.946397,0.00993626,9.993555
1.973798,0.009910317,10.05762
2.002017,0.009844477,10.13749
2.027608,0.009786604,9.982489
2.052087,0.009720945,10.09641
2.075747,0.009675861,10.15158
2.099243,0.009614155,10.20685
2.126329,0.009503013,10.26516
2.155845,0.009427059,10.27732
2.181833,0.009297469,10.17469
2.209102,0.00915266,10.15416
2.236579,0.00900632,10.12794
2.262106,0.008907189,10.13359
2.287006,0.00882659,10.139
2.317865,0.008675226,10.06892
2.346783,0.008603103,10.23474
2.375058,0.008519527,10.4253
2.403681,0.008413842,10.50635
2.437187,0.00830058,10.60764
2.466422,0.008196856,10.70787
2.498441,0.008132761,10.76949
2.525978,0.00798551,10.90869
2.551082,0.007869158,10.98804
2.576538,0.007655928,11.09148
2.602019,0.007511344,11.14799
2.630543,0.007293124,11.22604
2.663759,0.00709229,11.28533
2.693342,0.006867741,11.32997
2.72337,0.006659832,11.36432
2.748035,0.006537636,11.39432
2.778784,0.006285635,11.46626
2.805715,0.006163551,11.49913
2.834195,0.005967885,11.5456
2.866144,0.005765815,11.59138
2.918535,0.005449152,11.67417
2.943445,0.00527402,11.7052
2.96941,0.005149923,11.70861
2.996552,0.004960758,11.71092
3.024028,0.004856008,11.8458
3.051502,0.004710513,11.87327
3.085568,0.004497708,11.96425
3.115368,0.00434758,12.02787
3.144987,0.004218063,12.07798
3.17455,0.004135815,12.09398
3.199498,0.004070465,12.10503
3.226019,0.004061381,12.08023
3.255142,0.004085389,12.05359
3.284229,0.00415296,12.00091
3.313888,0.004315119,11.94737
3.343518,0.004509132,11.94501
3.36917,0.004628051,11.95924
3.397813,0.004776885,11.97689
3.426418,0.005152077,12.13711
3.452321,0.005337737,12.18245
3.478084,0.005593615,12.28347
3.510418,0.00580225,12.40852
3.5416,0.005978742,12.54539
3.568702,0.006154753,12.6668
3.596771,0.006290495,12.74292
3.626254,0.006501623,12.87198
3.655573,0.006688017,13.00669
3.682438,0.006807048,13.07027
3.71253,0.00696962,13.18445
3.743409,0.007009973,13.23814
3.772763,0.006972177,13.27657
3.798343,0.006904023,13.3034
3.826566,0.00667401,13.3747
3.857053,0.006550825,13.38402
3.881029,0.006336316,13.40159
3.90768,0.006191913,13.39391
3.936015,0.006012154,13.50198
3.9603,0.005909843,13.60519
3.986471,0.00570669,13.59603
4.015074,0.005515982,13.73693
4.041285,0.00539516,13.75349
4.068423,0.005223835,13.79687
4.094218,0.005152099,13.82012
4.11785,0.005117166,13.83263
4.146395,0.005043371,13.86097
4.176132,0.004945927,13.88078
4.200651,0.00490903,13.8829
4.225923,0.004880108,13.88608
4.250161,0.004867329,14.0201
4.275496,0.004881482,14.04127
4.299935,0.004888759,14.13027
4.325057,0.004864041,14.19613
4.356329,0.004848804,14.31382
4.381068,0.004819848,14.36846
4.407583,0.004785204,14.42446
4.433165,0.004742425,14.49226
4.458723,0.004722001,14.54294
4.48325,0.004693522,14.61208
4.509104,0.004658455,14.66137
4.534202,0.004610221,14.71297
4.561903,0.004533151,14.76999
4.587475,0.004482662,14.80155
4.612363,0.004441218,14.8353
4.636355,0.00435893,14.88702
4.659666,0.004299592,14.91961
4.685304,0.004250768,14.94989
4.71015,0.004156817,15.02447
4.73744,0.004096971,15.05782
4.764789,0.004044294,15.11414
4.789404,0.003996939,15.15573
4.818024,0.003902336,15.2232
4.844777,0.00385673,15.26019
4.870934,0.003859594,15.26843
4.897589,0.003851674,15.29128
4.927741,0.003876846,15.2949
4.953656,0.003913289,15.30651
4.984111,0.003971738,15.34525
5.00944,0.004070399,15.38453
5.035069,0.004144949,15.42612
5.05928,0.004189574,15.47988
5.084614,0.004274092,15.57427
5.108288,0.004388086,15.62248
5.135312,0.004525841,15.71831
5.159922,0.00462467,15.78258
5.187614,0.004821641,15.86028
5.212687,0.004950372,15.91708
5.237606,0.005149159,16.12887
5.262307,0.005279378,16.1754
5.290512,0.005501549,16.22611
5.317366,0.005771677,16.39833
5.346467,0.006039003,16.44309
5.375623,0.006215297,16.61011
5.405795,0.006524796,16.68523
5.431968,0.006880685,16.76261
5.458803,0.007100689,16.81165
5.483837,0.007424352,16.86889
5.509333,0.007720298,16.93828
5.537112,0.007926048,16.97954
5.56171,0.008146724,17.02848
5.586861,0.008447196,17.10173
5.616667,0.008717283,17.18966
5.641782,0.008918338,17.24023
5.66573,0.00920323,17.29998
5.691258,0.00935282,17.33942
5.718584,0.009568861,17.41435
5.741503,0.009718618,17.25467
5.764958,0.009838155,17.32877
5.789964,0.009967514,17.45969
5.816766,0.01003711,17.56054
5.842897,0.01016797,17.72274
5.868554,0.01026341,17.84448
5.894775,0.01036311,18.05511
5.923074,0.01040619,18.30279
5.952618,0.01045396,18.55575
5.981941,0.01043647,18.75556
6.005933,0.01036274,18.82685
6.033825,0.01030269,18.9995
6.058568,0.01015959,19.22463
6.082561,0.0100514,19.33027
6.107833,0.009815569,19.4799
6.131221,0.009615706,19.57417
6.158868,0.009274973,19.68717
6.186064,0.009071485,19.7492
6.210563,0.008735561,19.82786
6.238876,0.008457593,19.89252
6.263648,0.008050732,19.96745
6.29055,0.007628667,20.02813
6.317423,0.007295767,20.08714
6.342139,0.006960229,20.11548
6.36585,0.006513403,20.10693
6.394607,0.006112397,20.05103
6.426552,0.00576363,19.95564
6.459085,0.005418228,19.8603
6.48939,0.005031807,19.77937
6.524038,0.0046212,19.81457
6.552857,0.004255245,19.72041
6.583413,0.003855932,19.67529
6.612576,0.00346413,19.62988
6.640812,0.003199879,19.47638
6.670044,0.002775874,19.29842
6.693832,0.002303478,19.10242
New Try
New Try
New Try
New Try
New Try
New Try
New Try
New Try
New Try
New Try
New Try
New Try
New Try
New Try
New Try
1.396957,0.05659553,20.63636
1.400248,0.05659553,20.63636
1.414036,0.05589224,20.72339
1.424887,0.05589224,20.72339
1.434506,0.05321959,20.31097
1.444202,0.05321959,20.31097
1.45397,0.04731385,19.55658
1.465367,0.04731385,19.55658
1.475428,0.04731385,19.55658
1.48485,0.03883123,20.95229
1.495283,0.03883123,20.95229
1.505553,0.03166845,21.31467
1.515686,0.03166845,21.31467
1.525631,0.03166845,21.31467
1.536533,0.03113097,20.77558
1.548291,0.03081704,20.72492
1.558407,0.02962239,21.15793
1.568399,0.02962239,21.15793
1.578105,0.02861892,21.23097
1.588008,0.02861892,21.23097
1.598324,0.02812095,21.34109
1.609082,0.02750592,21.42038
1.624469,0.02714932,21.50787
1.635935,0.02679782,21.59969
1.648691,0.02676455,21.45379
1.659864,0.02985429,21.71311
1.670909,0.03036346,21.7513
1.681731,0.03084283,21.7495
1.692815,0.03084283,21.7495
1.702002,0.03075441,21.61435
1.713172,0.03075441,21.61435
1.723222,0.03091517,21.72832
1.73294,0.03102747,21.6815
1.743272,0.03102747,21.6815
1.753243,0.03102747,21.6815
1.769301,0.03102747,21.6815
1.779411,0.03093435,21.70981
1.790485,0.0311438,21.74558
1.800874,0.03113713,21.71032
1.812132,0.03117702,21.87204
1.827531,0.03117702,21.87204
1.837301,0.03070055,21.70436
1.848341,0.03070055,21.70436
1.858718,0.03070055,21.70436
1.86871,0.03031027,21.69191
1.879982,0.03115193,21.67919
1.890252,0.03174694,21.82023
1.901507,0.03174694,21.82023
1.911568,0.03170916,21.73488
1.921817,0.03170916,21.73488
1.935627,0.03132529,21.84921
1.946782,0.03082857,21.96796
1.957555,0.03082857,21.96796
1.969317,0.03068115,22.03147
1.979055,0.03131389,22.16198
1.989029,0.03131389,22.16198
1.99893,0.03125974,22.21645
2.00925,0.03125974,22.21645
2.019077,0.03088928,22.26297
2.034896,0.02994327,22.2869
2.045544,0.02994327,22.2869
2.05745,0.02932592,22.35526
2.068377,0.02932592,22.35526
2.079079,0.02865443,22.2697
2.089906,0.02865443,22.2697
2.099926,0.02882901,22.26458
2.110536,0.02882901,22.26458
2.120229,0.02874313,22.3794
2.130562,0.02874313,22.3794
2.140813,0.02874313,22.3794
2.150563,0.02874313,22.3794
2.159989,0.0285363,22.27532
2.174696,0.0285363,22.27532
2.184381,0.02830214,22.39368
2.196772,0.02830214,22.39368
2.20616,0.02830214,22.39368
2.216118,0.02725583,22.84629
2.226115,0.02725583,22.84629
2.244804,0.02594035,23.03089
2.256303,0.02594035,23.03089
2.266076,0.02578011,23.13371
2.27713,0.02578011,23.13371
2.286372,0.02559483,23.02897
2.297268,0.02559483,23.02897
2.307048,0.02559483,23.02897
2.316146,0.02562117,23.04769
2.32635,0.02562117,23.04769
2.33623,0.02562117,23.04769
2.346258,0.02562117,23.04769
2.359006,0.02633178,22.9992
2.368819,0.02633178,22.9992
2.379322,0.02633178,22.9992
2.389279,0.02633178,22.9992
2.398855,0.02661487,23.18427
2.410374,0.02661487,23.18427
2.421318,0.02492905,23.20038
2.433028,0.02492905,23.20038
2.447567,0.02492905,23.20038
2.458714,0.0238407,23.27149
2.468729,0.0238407,23.27149
2.479051,0.0238407,23.27149
2.489424,0.0238407,23.27149
2.499337,0.02250844,23.32644
2.51007,0.02250844,23.32644
2.519258,0.02119104,23.38682
2.52991,0.02119104,23.38682
2.539872,0.02119104,23.38682
2.549638,0.02119104,23.38682
2.561063,0.02119104,23.38682
2.570524,0.02119104,23.38682
2.580731,0.02119104,23.38682
2.591125,0.01933597,23.41254
2.600955,0.01933597,23.41254
2.610595,0.01933597,23.41254
2.620438,0.01850615,23.43514
2.630981,0.01850615,23.43514
2.640679,0.01780873,23.46391
2.655509,0.01780873,23.46391
2.665201,0.01806704,23.69988
2.676438,0.01806704,23.69988
2.685815,0.01806704,23.69988
2.696249,0.01786615,23.75592
2.705813,0.01786615,23.75592
2.720806,0.01776223,23.75385
2.731757,0.01776223,23.75385
2.741166,0.01777877,23.79448
2.7513,0.01777877,23.79448
2.760918,0.01777877,23.79448
2.772745,0.01772118,23.96712
2.784129,0.01772118,23.96712
2.794931,0.01772118,23.96712
2.804122,0.01772118,23.96712
2.814189,0.01694273,24.00658
2.825659,0.01694273,24.00658
2.835238,0.01692704,24.01862
2.847159,0.01692704,24.01862
2.861422,0.01692349,24.00868
2.873795,0.01692349,24.00868
2.883249,0.01688159,24.04385
2.893864,0.01688159,24.04385
2.903209,0.01688159,24.04385
2.913739,0.01616755,24.00339
2.926314,0.01616755,24.00339
2.941449,0.01599671,23.96449
2.951535,0.01599671,23.96449
2.961429,0.01599671,23.96449
2.973528,0.01596779,24.19265
2.98308,0.01596779,24.19265
2.992958,0.01429913,23.98527
3.002907,0.01429913,23.98527
3.012681,0.01429913,23.98527
3.021635,0.01429913,23.98527
3.031926,0.01429913,23.98527
3.042114,0.01442711,23.90575
3.053546,0.01442711,23.90575
3.071385,0.01381681,23.85858
3.082192,0.01381681,23.85858
3.09265,0.01348179,23.86775
3.102232,0.01348179,23.86775
3.112278,0.0134121,23.8934
3.122894,0.0134121,23.8934
3.132734,0.01330317,23.93856
3.143448,0.01330317,23.93856
3.153124,0.01330317,23.93856
3.16318,0.01267001,23.92159
3.174834,0.01267001,23.92159
3.189456,0.01291367,23.903
3.200145,0.01292262,23.89466
3.211337,0.01292262,23.89466
3.221056,0.01292262,23.89466
3.231255,0.01292262,23.89466
3.241081,0.01284603,23.88594
3.251631,0.01284603,23.88594
3.26123,0.01284603,23.88594
3.27597,0.01276262,23.84126
3.287584,0.01276262,23.84126
3.299158,0.01278173,23.95252
3.309475,0.01278173,23.95252
3.318987,0.01216644,23.8682
3.330092,0.01216644,23.8682
3.339968,0.01165027,23.81792
3.349959,0.01165027,23.81792
3.359688,0.01173896,23.8455
3.369991,0.01173896,23.8455
3.380802,0.01173896,23.8455
3.391142,0.01213291,23.81284
3.400919,0.012591,23.81775
3.412344,0.012591,23.81775
3.42413,0.012591,23.81775
3.433847,0.012591,23.81775
3.444048,0.01520602,23.87811
3.454162,0.01520602,23.87811
3.463967,0.01608802,23.86256
3.479418,0.01608802,23.86256
3.488163,0.01668643,23.87203
3.498593,0.01668643,23.87203
3.509145,0.01668643,23.87203
3.51982,0.01876632,23.90605
3.530385,0.01876632,23.90605
3.540407,0.01876632,23.90605
3.550067,0.02063456,23.96827
3.560413,0.02063456,23.96827
3.570093,0.02063456,23.96827
3.580289,0.02063456,23.96827
3.591653,0.02063249,23.96827
3.601616,0.02063249,23.96827
3.612709,0.02063249,23.96827
3.62312,0.02113573,23.9666
3.633959,0.02113573,23.9666
3.644066,0.02113573,23.9666
3.655399,0.02113573,23.9666
3.670454,0.02070278,23.86468
3.68594,0.02070278,23.86468
3.695734,0.02300358,23.90893
3.706108,0.02300358,23.90893
3.716663,0.02201604,23.84952
3.727692,0.02201604,23.84952
3.737686,0.02170257,23.79257
3.748398,0.02170257,23.79257
3.758891,0.02185641,23.76567
3.769201,0.02185641,23.76567
3.77881,0.02185641,23.76567
3.788845,0.02238994,23.75621
3.799881,0.02238994,23.75621
3.809901,0.02269402,23.80952
3.82147,0.02269402,23.80952
3.830909,0.02342803,23.87822
3.840224,0.02342803,23.87822
3.850007,0.02342803,23.87822
3.859252,0.02342803,23.87822
3.869099,0.02343285,23.76196
3.881122,0.02343285,23.76196
3.894953,0.0236092,23.74833
3.907202,0.0236092,23.74833
3.918812,0.02355329,23.66323
3.932451,0.02355329,23.66323
3.942649,0.02355329,23.66323
3.953201,0.02355329,23.66323
3.963243,0.02317557,23.60883
3.97518,0.02317557,23.60883
3.984636,0.02317557,23.60883
3.995329,0.02272453,23.55879
4.005997,0.02272453,23.55879
4.015833,0.02359212,23.54032
4.026814,0.02359212,23.54032
4.037308,0.02302892,23.54688
4.047781,0.02302892,23.54688
4.057824,0.0227744,23.44102
4.068154,0.02302844,23.45584
4.079586,0.0237837,23.53414
4.090509,0.02388412,23.55037
4.105834,0.02395895,23.54467
4.116687,0.02395594,23.54416
4.128545,0.02393898,23.5203
4.138367,0.02406458,23.49129
4.15348,0.02406458,23.49129
4.164314,0.02435745,23.53825
4.175189,0.02562568,23.68628
4.185119,0.02747295,23.78589
4.197082,0.02820562,23.78414
4.207805,0.02820562,23.78414
4.217931,0.02849928,23.76102
4.229044,0.02760896,23.64384
4.240083,0.02760896,23.64384
4.251229,0.02679096,23.58595
4.261278,0.02679096,23.58595
4.273283,0.02567428,23.44954
4.285177,0.02567428,23.44954
4.2961,0.02567428,23.44954
4.311508,0.0258446,23.43062
4.323734,0.02621057,23.43917
4.335208,0.02621057,23.43917
4.346154,0.02662387,23.47068
4.357459,0.02662387,23.47068
4.367573,0.02695038,23.51719
4.380246,0.0269501,23.51716
4.390623,0.0269501,23.51716
4.401017,0.0269501,23.51716
4.415095,0.0269501,23.51716
4.427186,0.02758613,23.60197
4.437382,0.02758613,23.60197
4.447598,0.02758613,23.60197
4.458116,0.0275952,23.65456
4.468171,0.0275952,23.65456
4.478583,0.02850555,23.69748
4.491283,0.02850555,23.69748
4.502297,0.02850555,23.69748
4.516524,0.02773049,23.65351
4.527018,0.02773049,23.65351
4.537686,0.02762673,23.58564
4.548306,0.02762673,23.58564
4.558313,0.02762673,23.58564
4.568806,0.02749838,23.53869
4.579663,0.02749838,23.53869
4.590093,0.027105,23.51229
4.601299,0.027105,23.51229
4.611627,0.02474591,23.34679
4.62167,0.02474591,23.34679
4.631754,0.02285006,23.16631
4.648759,0.02285006,23.16631
4.659994,0.02202586,23.05234
4.669972,0.02202586,23.05234
4.679447,0.02202231,23.05234
4.692035,0.02202231,23.05234
4.701544,0.02202231,23.05234
4.71259,0.0213211,22.93421
4.727469,0.0213211,22.93421
4.738198,0.0213211,22.93421
4.748198,0.0213211,22.93421
4.758667,0.01721358,22.22875
4.769142,0.01721358,22.22875
4.779763,0.009300421,21.19259
4.790216,0.009300421,21.19259
4.800889,0.009300421,21.19259
4.810719,0.006009191,20.56801
4.821956,0.006009191,20.56801
4.832024,0.004011746,20.34572
4.842032,0.004011746,20.34572
4.852143,0.00342887,20.29622
4.862433,0.00342887,20.29622
4.872825,0.003065543,20.23052
4.884028,0.003065543,20.23052
4.895363,0.003267684,20.20049
4.905766,0.003267684,20.20049
4.917306,0.004239393,20.22687
4.939835,0.004239393,20.22687
4.950509,0.004239393,20.22687
4.961036,0.004788431,20.17219
4.971322,0.004788431,20.17219
4.980895,0.004935832,20.1522
4.992786,0.004935832,20.1522
5.002249,0.00477038,20.13083
5.013465,0.00477038,20.13083
5.023921,0.004668231,20.12886
5.035036,0.004668231,20.12886
5.044885,0.004668231,20.12886
5.05672,0.004668862,20.12886
5.067078,0.004566678,20.12222
5.077488,0.004566678,20.12222
5.087533,0.004566678,20.12222
5.098606,0.004493564,20.12036
5.108975,0.004493564,20.12036
5.121491,0.004540246,20.12041
5.142223,0.004538877,20.12041
5.153584,0.004538877,20.12041
5.163874,0.004538877,20.12041
5.174113,0.005168321,20.13169
5.184371,0.005168321,20.13169
5.194603,0.004710287,20.0854
5.20417,0.004710287,20.0854
5.21532,0.004710287,20.0854
5.225017,0.004710287,20.0854
5.234658,0.004710287,20.0854
5.244462,0.004710287,20.0854
5.255182,0.004710287,20.0854
5.266357,0.004710287,20.0854
5.278293,0.004710287,20.0854
5.287961,0.004710287,20.0854
5.298846,0.006709506,20.21078
5.310152,0.007818834,20.25054
5.320641,0.007818834,20.25054
5.330557,0.009682279,20.32541
5.345485,0.009682279,20.32541
5.355926,0.009974509,20.35149
5.366835,0.009974509,20.35149
5.377209,0.009974509,20.35149
5.387604,0.009995747,20.37703
5.398074,0.009995747,20.37703
5.4105,0.0103032,20.3763
5.42337,0.0103032,20.3763
5.433508,0.01029853,20.3763
5.443495,0.01029853,20.3763
5.453535,0.01029853,20.3763
5.46313,0.01029853,20.3763
5.473709,0.01140382,20.37522
5.483372,0.01140382,20.37522
5.493431,0.01140382,20.37522
5.504396,0.01140382,20.37522
5.514535,0.01140382,20.37522
5.524937,0.01140382,20.37522
5.534127,0.01308304,20.37209
5.549771,0.01308304,20.37209
5.560354,0.0131866,20.36908
5.570151,0.0131866,20.36908
5.580336,0.01319095,20.3513
5.591344,0.01319095,20.3513
5.600642,0.01319095,20.3513
5.616629,0.01356916,20.38118
5.628232,0.01356916,20.38118
5.639211,0.01485801,20.44133
5.649395,0.01485801,20.44133
5.659809,0.01485801,20.44133
5.670322,0.01544518,20.45466
5.681094,0.01544197,20.45465
5.692335,0.01544197,20.45465
5.702824,0.01584506,20.45469
5.713272,0.01584506,20.45469
5.724206,0.01628214,20.49151
5.735914,0.01628214,20.49151
5.74986,0.01585844,20.44748
5.760665,0.01585844,20.44748
5.770411,0.01585844,20.44748
5.780724,0.01585844,20.44748
5.790978,0.01585844,20.44748
5.801784,0.01585844,20.44748
5.812628,0.01585844,20.44748
5.822593,0.01585844,20.44748
5.833107,0.01566332,20.42407
5.842764,0.01566332,20.42407
5.852736,0.01566332,20.42407
5.862803,0.01566332,20.42407
5.872604,0.01566167,20.44021
5.883582,0.01566167,20.44021
5.893696,0.01564465,20.4402
5.904827,0.01564465,20.4402
5.91684,0.01522868,20.45427
5.930634,0.01522868,20.45427
5.942479,0.01494079,20.42065
5.957267,0.01113809,20.16034
5.967264,0.01113809,20.16034
5.977722,0.009756966,20.0729
5.988347,0.009756966,20.0729
5.998002,0.009756966,20.0729
6.009134,0.006417626,19.90645
6.019719,0.006417626,19.90645
6.029306,0.006417626,19.90645
6.039829,0.0009756724,19.52229
6.050578,0.0009756724,19.52229
6.060338,0.00237102,19.28646
6.070729,0.00237102,19.28646
6.080922,0.00237102,19.28646
6.098458,0.007335301,18.96615
6.109284,0.007335301,18.96615
6.119293,0.01463477,18.54067
6.131536,0.01463477,18.54067
6.141537,0.01463477,18.54067
6.152234,0.01463477,18.54067
6.166279,0.01463477,18.54067
6.177244,0.01812042,18.32083
6.187412,0.01812042,18.32083
6.197554,0.02193261,18.06256
6.208958,0.02193261,18.06256
6.219556,0.02193856,18.06259
6.230204,0.02193856,18.06259
6.240445,0.02193856,18.06259
6.251159,0.02193856,18.06259
6.261319,0.03834497,17.01202
6.271824,0.03834497,17.01202
6.281802,0.05482202,15.5614
New Try
New Try
New Try
New Try
New Try
New Try
New Try
New Try
New Try
New Try
New Try
New Try
New Try
0.9890413,0.0587555,19.50192
0.9968685,0.05343862,19.50666
1.013299,0.05343862,19.50666
1.024142,0.04612133,19.06128
1.035293,0.04612133,19.06128
1.045677,0.04263493,19.28003
1.055985,0.04263493,19.28003
1.065975,0.04263493,19.28003
1.078484,0.03938809,19.42641
1.088854,0.03938809,19.42641
1.10052,0.03741906,19.15199
1.112442,0.03741906,19.15199
1.122536,0.03697483,19.1857
1.133314,0.03697483,19.1857
1.143809,0.03697483,19.1857
1.15433,0.03710819,18.99538
1.16519,0.03710819,18.99538
1.175857,0.03710819,18.99538
1.187075,0.03647126,19.05264
1.197809,0.03647126,19.05264
1.212435,0.03647126,19.05264
1.222515,0.03603993,18.77725
1.234556,0.03603993,18.77725
1.244724,0.03457772,18.63859
1.256187,0.03457772,18.63859
1.266971,0.03094868,17.60208
1.278861,0.03094868,17.60208
1.288926,0.02842528,17.29247
1.300751,0.02842528,17.29247
1.311285,0.02842528,17.29247
1.321399,0.02736429,17.1377
1.333511,0.02736429,17.1377
1.343785,0.02616179,17.04473
1.354074,0.02616179,17.04473
1.365062,0.02616179,17.04473
1.375744,0.02616179,17.04473
1.386205,0.02616179,17.04473
1.397378,0.02284232,16.65483
1.410554,0.02284232,16.65483
1.425852,0.02169112,16.06787
1.854293,0.01149476,16.92229
1.857679,0.01151488,17.69112
1.869989,0.01151488,17.69112
1.880353,0.0116435,17.68844
1.89206,0.0116435,17.68844
1.902304,0.0120597,17.83353
1.913091,0.0120597,17.83353
1.923376,0.01158384,18.02351
1.935418,0.01158384,18.02351
1.945516,0.01076552,17.96162
1.956451,0.01076552,17.96162
1.96725,0.009854997,18.39065
1.978178,0.009854997,18.39065
1.988518,0.009854997,18.39065
2.000902,0.009854997,18.39065
2.016948,0.003538565,19.18031
2.034066,0.003178621,19.6804
2.044537,0.003178621,19.6804
2.054671,0.005797749,20.01581
2.065543,0.005797749,20.01581
2.0759,0.005797749,20.01581
2.086509,0.008782963,20.00969
2.098898,0.008782963,20.00969
2.109474,0.009286079,20.19852
2.120047,0.009286079,20.19852
2.131156,0.01008152,20.70943
2.142987,0.01008152,20.70943
2.153374,0.01260618,20.83866
2.164729,0.01260618,20.83866
2.175767,0.01368016,21.32348
2.187154,0.01368016,21.32348
2.197984,0.01368016,21.32348
2.208832,0.01368016,21.32348
2.219224,0.01386711,21.44163
2.234622,0.01386711,21.44163
2.245874,0.01414507,21.58519
2.257169,0.01414507,21.58519
2.267985,0.01415543,21.54623
2.278875,0.01415543,21.54623
2.289732,0.01452412,21.63753
2.301809,0.01452412,21.63753
2.311692,0.01452412,21.63753
2.322647,0.01452412,21.63753
2.333537,0.01354579,22.2061
2.344192,0.01354579,22.2061
2.355002,0.0163972,23.82372
2.365484,0.0163972,23.82372
2.37604,0.02273209,22.59145
2.387494,0.02273209,22.59145
2.399026,0.02227791,23.33627
2.41122,0.02227791,23.33627
2.421723,0.02227791,23.33627
2.436345,0.02044237,24.59095
2.447207,0.02044237,24.59095
2.457655,0.01732133,25.61388
2.468746,0.01732133,25.61388
2.479387,0.01732133,25.61388
2.490128,0.01600166,26.1491
2.502789,0.01600166,26.1491
2.515499,0.01600166,26.1491
2.526694,0.01482782,26.66397
2.537687,0.01196582,27.62225
2.549157,0.01196582,27.62225
2.559549,0.01196582,27.62225
2.569762,0.01115492,27.93672
2.580859,0.01115492,27.93672
2.594001,0.009445587,28.4875
2.603829,0.009445587,28.4875
2.615438,0.008688107,28.7401
2.626438,0.008688107,28.7401
2.640751,0.008688107,28.7401
2.651376,0.007885697,29.04823
2.662686,0.007885697,29.04823
2.674001,0.007885697,29.04823
2.684186,0.005860228,29.78257
2.695881,0.005860228,29.78257
2.708275,0.004200189,30.40346
2.7186,0.004200189,30.40346
2.729748,0.00358714,31.74808
2.740892,0.00358714,31.74808
2.753331,0.003705751,32.08341
2.764783,0.003705751,32.08341
2.775614,0.002525155,32.20273
2.786563,0.002525155,32.20273
2.799779,0.008349042,33.68412
2.811504,0.008349042,33.68412
2.821502,0.01509747,35.40386
2.83229,0.01509747,35.40386
2.846905,0.01509747,35.40386
2.85735,0.01603713,35.67945
2.868675,0.01603713,35.67945
2.879094,0.01756217,36.03967
2.890963,0.01756217,36.03967
2.901131,0.0210097,36.80397
2.913333,0.0210097,36.80397
2.925204,0.02331553,37.17758
2.936717,0.02331553,37.17758
2.949106,0.02827785,38.4518
2.960252,0.03228875,39.40461
2.971028,0.03228875,39.40461
2.981269,0.03228875,39.40461
2.992695,0.03228875,39.40461
3.006275,0.03313679,39.65222
3.02224,0.03313679,39.65222
3.035065,0.0331621,39.83072
3.050703,0.0331621,39.83072
3.061291,0.0331621,39.83072
3.072487,0.0333034,40.02627
3.084441,0.0333034,40.02627
3.095199,0.03440161,40.44842
3.106252,0.03440161,40.44842
3.116952,0.03772947,41.87546
3.129118,0.03772947,41.87546
3.138787,0.03882834,42.72431
3.155427,0.03882834,42.72431
3.165746,0.04081874,43.51617
3.176847,0.04081874,43.51617
3.187358,0.03991966,43.62918
3.199813,0.03991966,43.62918
3.210501,0.0386076,43.68415
3.221596,0.0386076,43.68415
3.232022,0.0386076,43.68415
3.243697,0.03680738,43.89601
3.258525,0.03680738,43.89601
3.269627,0.03680738,43.89601
3.280829,0.0365143,44.22951
3.292765,0.0365143,44.22951
3.302956,0.03495967,44.21842
3.314839,0.03495967,44.21842
3.325531,0.03371404,44.33311
3.337354,0.03371404,44.33311
3.348267,0.03386015,44.65362
3.359945,0.03386015,44.65362
3.371708,0.03354738,44.53503
3.382124,0.03354738,44.53503
3.393262,0.03354738,44.53503
3.404489,0.03354738,44.53503
3.415399,0.03354738,44.53503
3.426041,0.03354738,44.53503
3.436251,0.03354738,44.53503
3.446736,0.03354738,44.53503
3.461671,0.03354738,44.53503
3.471827,0.03354738,44.53503
3.48264,0.03354738,44.53503
3.494012,0.03354738,44.53503
3.505127,0.03354738,44.53503
3.518013,0.03354738,44.53503
3.528725,0.03354738,44.53503
3.539479,0.03354738,44.53503
3.550614,0.03354738,44.53503
3.561203,0.03354738,44.53503
New Try
New Try
New Try
New Try
New Try
New Try
New Try
New Try
New Try
New Try
New Try
New Try
New Try
New Try
New Try
New Try
New Try
2.436143,0.05715794,17.54713
2.440104,0.05715794,17.54713
2.451283,0.05715794,17.54713
2.46281,0.04727465,18.52586
2.473627,0.04727465,18.52586
2.484907,0.04807859,18.99827
2.495709,0.04807859,18.99827
2.507675,0.04836233,20.09653
2.519798,0.04836233,20.09653
2.531314,0.04774199,20.42648
2.547721,0.04576892,21.00046
2.562301,0.04576892,21.00046
2.573013,0.04425868,21.40286
2.584019,0.04425868,21.40286
2.596157,0.04293786,21.6678
2.607231,0.04293786,21.6678
2.621014,0.04293786,21.6678
2.632167,0.0390334,22.01678
2.643428,0.0390334,22.01678
2.656117,0.03843865,21.85163
2.666221,0.03843865,21.85163
2.676686,0.03843865,21.85163
2.688023,0.03435006,22.14799
2.699017,0.03367721,21.54029
2.709671,0.03367721,21.54029
2.720678,0.03367721,21.54029
2.73176,0.03367721,21.54029
2.746267,0.03367721,21.54029
2.756985,0.03122198,21.53187
2.768885,0.03122198,21.53187
2.779758,0.03122198,21.53187
2.791719,0.02467818,22.09798
2.803623,0.01999447,22.20799
2.81573,0.01999447,22.20799
2.827074,0.01999447,22.20799
2.838705,0.01999447,22.20799
2.850855,0.00934326,22.66341
2.863053,0.006738917,23.119
2.873914,0.006738917,23.119
2.884645,0.00504799,23.31922
2.895868,0.00504799,23.31922
2.907729,0.003658814,23.42955
2.918348,0.003658814,23.42955
2.928946,0.003658814,23.42955
2.939373,0.003658814,23.42955
2.954477,0.002868385,23.57593
2.965387,0.002868385,23.57593
2.976395,0.002868385,23.57593
2.986366,0.005077413,23.45698
2.996836,0.005077413,23.45698
3.007686,0.005310658,23.34356
3.018968,0.005310658,23.34356
3.029913,0.01177593,22.90257
3.041533,0.01177593,22.90257
3.052242,0.01177593,22.90257
3.063711,0.01619865,22.68011
3.074783,0.01619865,22.68011
3.085435,0.01955282,22.43681
3.095882,0.01955282,22.43681
3.106087,0.02229577,22.16728
3.117667,0.02229577,22.16728
3.127937,0.01991371,22.575
3.13888,0.01991371,22.575
3.150966,0.01991371,22.575
3.167556,0.02682739,22.06029
3.178342,0.03324125,22.17365
3.189297,0.03324125,22.17365
3.199968,0.04752585,21.9944
3.211305,0.04752585,21.9944
3.224797,0.04631202,21.89359
3.236353,0.04631202,21.89359
3.246122,0.04744648,22.26755
3.257289,0.04744648,22.26755
3.268841,0.04744648,22.26755
3.280852,0.04744648,22.26755
3.291231,0.04117713,20.63858
3.302181,0.04117713,20.63858
3.312331,0.04690807,20.07698
3.323093,0.04690807,20.07698
3.334098,0.04454945,18.2534
3.344382,0.04454945,18.2534
3.356719,0.04979545,16.35815
New Try
New Try
New Try
New Try
New Try
New Try
New Try
New Try
0.4532082,0.03640944,82.12164
0.4588679,0.03461687,81.75713
0.4716303,0.03461687,81.75713
0.4826839,0.03442256,81.5926
0.4944587,0.03442256,81.5926
0.5054866,0.03442256,81.5926
0.5162736,0.03442256,81.5926
0.526084,0.03442256,81.5926
0.5363554,0.03466106,81.64825
0.5471111,0.03315045,81.26063
0.5580863,0.03474205,81.05937
0.5691121,0.03474205,81.05937
0.5790203,0.03427857,81.04604
0.5895635,0.03453754,80.97878
0.5998489,0.03453754,80.97878
0.6096599,0.03473946,50.42651
0.6216956,0.03249526,48.8678
0.6325934,0.03047325,46.74943
0.6425787,0.03227821,47.21741
0.6590101,0.03053189,45.46548
0.67107,0.03053189,45.46548
0.6815671,0.03391031,46.47961
0.6919358,0.03391031,46.47961
0.7029694,0.03391031,46.47961
0.7129961,0.03504911,46.83459
0.7237861,0.03504911,46.83459
0.7350395,0.03504911,46.83459
0.7455541,0.03871714,79.94637
0.7591922,0.03820844,79.99759
0.7716104,0.03193604,42.77868
0.7833576,0.03180092,41.39161
0.7941485,0.03180092,41.39161
0.8044363,0.0328299,35.81201
0.8165856,0.0328299,35.81201
0.8284744,0.0328299,35.81201
0.8390601,0.03274115,33.31701
0.8509445,0.04731018,79.15578
0.8663211,0.04772108,79.1324
0.8768325,0.04772108,79.1324
0.888747,0.03214121,32.49314
0.8991771,0.03214121,32.49314
0.9097396,0.03214121,32.49314
0.9203732,0.03290899,34.195
0.9314983,0.04828153,78.92113
0.9417193,0.04848073,78.81723
0.9538648,0.03376411,34.55661
0.9651315,0.03445438,34.86451
0.9760522,0.03416498,34.856
0.9879237,0.04941392,78.58813
1.000569,0.05018555,78.74068
1.011895,0.05309048,78.36128
1.022785,0.05389013,78.71259
1.034243,0.05392935,78.69858
1.044303,0.05564528,78.70266
1.05568,0.05712279,78.70624
1.071761,0.05721055,78.75177
1.083396,0.05721529,78.75237
1.094402,0.05721529,78.75237
1.104828,0.05721529,78.75237
1.115637,0.05721529,78.75237
1.125898,0.0578269,78.83126
1.136605,0.05846556,78.85571
1.148582,0.05857027,78.85574
1.160696,0.058634,78.86046
1.171749,0.05872673,78.83591
1.184952,0.05868502,78.83353
1.195875,0.05868443,78.81602
1.207329,0.05865604,78.80847
1.218542,0.05865604,78.80847
1.228985,0.05865604,78.80847
1.239522,0.05865604,78.80847
1.250801,0.05867746,78.81547
1.261093,0.05867746,78.81547
1.278022,0.05872088,78.85052
1.289438,0.05862135,78.88845
1.301078,0.05849065,78.90476
1.312825,0.05849065,78.90476
1.323227,0.05849065,78.90476
1.33408,0.0579253,78.87093
1.345059,0.05780118,78.88264
1.356598,0.05780118,78.88264
1.368022,0.05792419,78.85803
1.38021,0.05816776,78.88199
1.394046,0.05819428,78.92816
1.406882,0.05776154,78.93747
1.419317,0.05770617,79.02676
1.430533,0.05776065,79.11257
1.442678,0.05696683,79.18201
1.454032,0.05699309,79.20768
1.467826,0.05624815,79.29049
1.484753,0.05613591,79.2794
1.494667,0.05613591,79.2794
1.505584,0.05536508,79.28403
1.517566,0.05210898,79.39893
1.528254,0.03414949,31.45798
1.539219,0.03414949,31.45798
1.551293,0.03420646,31.54647
1.561867,0.03417816,31.52894
1.572918,0.05252576,79.28171
1.583699,0.05252576,79.28171
1.594239,0.05252576,79.28171
1.604655,0.03416819,31.51777
1.617247,0.03416819,31.51777
1.627601,0.03416819,31.51777
1.637475,0.03416819,31.51777
1.648752,0.03422338,31.56338
1.658866,0.03446164,31.78009
1.670018,0.0524012,79.25495
1.685316,0.05239485,79.2153
1.696185,0.05249218,79.23388
1.707261,0.05266663,79.25488
1.718446,0.05278433,79.27187
1.729874,0.03468885,32.45008
1.74019,0.0346079,32.40066
1.752319,0.03456962,32.33255
1.764141,0.03469219,32.42077
1.774879,0.0345963,32.3286
1.785718,0.0345963,32.3286
1.795893,0.0345963,32.3286
1.806415,0.0345963,32.3286
1.817714,0.03472066,32.48214
1.828994,0.03476624,32.55124
1.83985,0.03476715,32.5509
1.852006,0.03476715,32.5509
1.863316,0.03516883,33.07635
1.874049,0.03526143,33.18014
1.893554,0.03557724,33.51316
1.905129,0.03572916,33.68731
1.916188,0.03572916,33.68731
1.927005,0.03581498,33.8379
1.937029,0.03581498,33.8379
1.947366,0.03581498,33.8379
1.957418,0.03590362,33.96084
1.968382,0.03590362,33.96084
1.979831,0.03590362,33.96084
1.990992,0.03591837,33.99662
2.002527,0.03591837,33.99662
2.012635,0.03591837,33.99662
2.022927,0.03592223,33.9987
2.035094,0.03596679,34.04465
2.045426,0.03596679,34.04465
2.056979,0.03596679,34.04465
2.069077,0.0360573,34.13249
2.078723,0.0360573,34.13249
2.093696,0.0360876,34.18132
2.104659,0.0360876,34.18132
2.11539,0.03609826,34.18664
2.125954,0.03682051,35.12289
2.142016,0.03817083,36.70144
2.154404,0.05276251,79.25604
2.166991,0.03884865,37.46484
2.178612,0.0393269,37.99504
2.190207,0.03937531,38.05351
2.201608,0.0393696,38.04072
2.211816,0.05302112,79.24438
2.222713,0.05302112,79.24438
2.234787,0.05306094,79.22861
2.245082,0.05302418,79.2316
2.257239,0.0529856,79.24618
2.269753,0.05297076,79.29277
2.282637,0.05299036,79.30681
2.299173,0.05302042,79.31786
2.309342,0.04054726,39.18592
2.320906,0.04054726,39.18592
2.332876,0.0531139,79.32896
2.343219,0.0531139,79.32896
2.354189,0.0531139,79.32896
2.36589,0.0531139,79.32896
2.376383,0.05319713,79.34176
2.390856,0.04086442,39.48752
2.401873,0.04069407,39.34479
2.412947,0.04043841,39.09919
2.424143,0.04016464,38.82365
2.435585,0.0530583,79.30686
2.447067,0.04004917,38.77023
2.460605,0.040261,39.00205
2.472438,0.05388284,79.16331
2.483448,0.05405162,79.12721
2.500025,0.05412161,79.13355
2.510404,0.0541486,79.14697
2.522742,0.05418424,79.17854
2.534346,0.05428402,79.20238
2.544685,0.05428264,79.20294
2.556275,0.05429764,79.20007
2.567189,0.05429764,79.20007
2.577472,0.05421592,79.17378
2.588234,0.05420209,79.17033
2.598641,0.05420209,79.17033
2.60899,0.0541496,79.1814
2.620618,0.05415049,79.18256
2.631738,0.05414884,79.18959
2.642868,0.05414892,79.20885
2.654312,0.05418625,79.20117
2.665222,0.05429221,79.18549
2.675854,0.05429221,79.18549
2.686695,0.05429221,79.18549
2.70113,0.05445746,79.16686
2.711103,0.05445746,79.16686
2.722233,0.05445746,79.16686
2.733048,0.05445746,79.16686
2.742546,0.05445815,79.16626
2.754898,0.05468749,79.11143
2.765246,0.05468749,79.11143
2.775435,0.05464802,79.0671
2.78611,0.05465025,79.06704
2.797848,0.05473376,79.08225
2.808318,0.05485457,79.07586
2.826621,0.05504175,79.00116
2.837669,0.05490106,78.93279
2.849994,0.05471508,78.67229
2.860652,0.05466608,78.36072
2.871946,0.05450675,78.30281
2.883219,0.05424789,78.22499
2.896609,0.05426068,78.208
2.911695,0.05409868,78.15583
2.922976,0.05409407,78.15643
2.936398,0.05394278,78.08215
2.946642,0.05393246,78.08267
2.9565,0.05385163,78.0358
2.969132,0.05380236,78.03698
2.981513,0.05380236,78.03698
2.991684,0.05380236,78.03698
3.002495,0.05380236,78.03698
3.013798,0.05409611,77.89291
3.025434,0.05409611,77.89291
3.036158,0.05410842,77.83605
3.046622,0.05410842,77.83605
3.056651,0.0540888,77.79622
3.069103,0.0540888,77.79622
3.079169,0.0540888,77.79622
3.089951,0.05396566,77.73282
3.100903,0.05396566,77.73282
3.115462,0.05396566,77.73282
3.126653,0.05386321,77.68721
3.139159,0.05385293,77.686
3.151641,0.05385293,77.686
3.16262,0.05389558,77.8343
3.17379,0.05409804,77.80849
3.185359,0.05418383,77.74636
3.195386,0.05426796,77.74979
3.205451,0.05441372,77.744
3.216732,0.05441372,77.744
3.227337,0.05442102,77.74631
3.239537,0.05442102,77.74631
3.251649,0.05442102,77.74631
3.26105,0.0545547,77.72701
3.271641,0.0545547,77.72701
3.283653,0.05466713,77.70177
3.293987,0.05466713,77.70177
3.304474,0.05466713,77.70177
3.319221,0.05466478,77.69353
3.329943,0.05477817,77.67359
3.341118,0.05492952,77.67007
3.352978,0.05498224,77.67184
3.36368,0.05496802,77.68011
3.374705,0.05491608,77.70646
3.387573,0.05513746,77.73991
3.400028,0.05512791,77.73694
3.410558,0.05512791,77.73694
3.421345,0.05512791,77.73694
3.433403,0.05509286,77.73233
3.443488,0.05509286,77.73233
3.455341,0.05509286,77.73233
3.469221,0.05509286,77.73233
3.479033,0.05515893,77.68716
3.490224,0.05523508,77.66021
3.502371,0.0552409,77.65781
3.513444,0.0552409,77.65781
5.892748,0.01590892,21.99887
5.896836,0.01601827,21.94721
5.907443,0.01620296,22.46843
5.919113,0.01609411,22.57791
5.929002,0.01734244,22.59356
5.943139,0.01758363,22.7768
5.954273,0.01889657,23.06513
5.965414,0.01898425,23.13358
5.975524,0.0213411,22.62794
5.986626,0.0213411,22.62794
5.99835,0.02138183,22.64328
6.008947,0.02138183,22.64328
6.020159,0.02138183,22.64328
6.031867,0.02136162,22.6151
6.042325,0.02136162,22.6151
6.054475,0.02114686,22.60815
6.067597,0.02114686,22.60815
6.07933,0.02114761,22.60739
6.089996,0.02073212,22.62559
6.101705,0.02053934,22.61962
6.112303,0.02054243,22.62085
6.123523,0.02045477,22.48045
6.134807,0.02057788,22.51982
6.150911,0.02118907,22.51439
6.161093,0.02433682,22.50808
6.172572,0.02433682,22.50808
6.182906,0.02433682,22.50808
6.192958,0.02433682,22.50808
6.203245,0.02433682,22.50808
6.213573,0.02433682,22.50808
6.223804,0.02433682,22.50808
6.234509,0.02433682,22.50808
6.243837,0.02433682,22.50808
6.254669,0.02433682,22.50808
6.264387,0.02433682,22.50808
6.273926,0.02433682,22.50808
6.285574,0.02433682,22.50808
6.29531,0.03038531,22.25918
6.306985,0.02962741,22.32086
6.319006,0.03048746,22.24571
6.329523,0.03079085,22.24131
6.34024,0.02973884,22.32678
6.355868,0.02973884,22.32678
6.36805,0.02973884,22.32678
6.378432,0.02973884,22.32678
6.389146,0.02973884,22.32678
6.399623,0.02973884,22.32678
6.409354,0.02973884,22.32678
6.419225,0.02973884,22.32678
6.429766,0.02973884,22.32678
6.439414,0.02973884,22.32678
6.461421,0.02973884,22.32678
6.471169,0.02907961,22.23951
6.482054,0.02907961,22.23951
6.492003,0.02907961,22.23951
6.502403,0.02907961,22.23951
6.512354,0.02907961,22.23951
6.522659,0.02907961,22.23951
6.533738,0.02907961,22.23951
6.543758,0.02826357,22.61946
6.559156,0.02826357,22.61946
6.570921,0.02826357,22.61946
6.583845,0.01942709,22.88163
6.594505,0.01942709,22.88163
6.605386,0.01228348,22.9465
6.616628,0.01228348,22.9465
6.626504,0.01228348,22.9465
6.636666,0.01228348,22.9465
6.647142,0.01228348,22.9465
6.657119,0.01228348,22.9465
6.6677,0.01228348,22.9465
6.677292,0.01228348,22.9465
6.687664,0.01228348,22.9465
6.698328,0.01228348,22.9465
6.708182,0.01228348,22.9465
6.718742,0.003760293,23.52066
6.729154,0.005224722,23.22845
6.739644,0.005224722,23.22845
6.751495,0.005224722,23.22845
6.766232,0.005224722,23.22845
6.776201,0.005224722,23.22845
6.788793,0.005224722,23.22845
6.801926,0.005224722,23.22845
6.813248,0.005224722,23.22845
6.823937,0.005224722,23.22845
6.835494,0.005224722,23.22845
6.845331,0.005224722,23.22845
6.855949,0.005224722,23.22845
6.866811,0.005224722,23.22845
6.8771,0.005224722,23.22845
6.88793,0.004375784,23.3409
6.900856,0.005071201,23.41751
6.915246,0.005457739,23.43442
6.932512,0.005457739,23.43442
6.94215,0.005457739,23.43442
6.952909,0.005457739,23.43442
6.969026,0.008932129,23.75333
6.97939,0.008932129,23.75333
6.990248,0.008932129,23.75333
7.001559,0.008932129,23.75333
7.011828,0.008932129,23.75333
7.022437,0.008482986,23.82475
7.034399,0.008467348,23.82529
7.044634,0.008467348,23.82529
7.056344,0.008467348,23.82529
7.068407,0.008467348,23.82529
7.078872,0.008467348,23.82529
7.090493,0.008467348,23.82529
7.102057,0.008467348,23.82529
7.113468,0.008467348,23.82529
7.124379,0.008467348,23.82529
7.135134,0.008467348,23.82529
7.145595,0.008467348,23.82529
7.155954,0.008931164,23.8047
7.172669,0.009021007,23.79726
7.184493,0.009021007,23.79726
7.194744,0.009021007,23.79726
7.20572,0.009021007,23.79726
7.217243,0.009021007,23.79726
7.227654,0.009021007,23.79726
7.238375,0.009021007,23.79726
7.249717,0.009875327,23.61799
7.260162,0.009309162,23.52831
7.27182,0.009309162,23.52831
7.282515,0.009309162,23.52831
7.29229,0.007353705,23.46293
7.303222,0.007161735,23.4539
7.315297,0.007751778,23.20682
7.325129,0.008128696,23.16632
7.336605,0.008128696,23.16632
7.347572,0.008995546,23.15335
7.357436,0.009591514,23.12086
7.373189,0.01025956,23.05923
7.385322,0.01025956,23.05923
7.395082,0.01025956,23.05923
7.405994,0.01025956,23.05923
7.418356,0.01025956,23.05923
7.430551,0.01025956,23.05923
7.439779,0.01025956,23.05923
7.451426,0.01025956,23.05923
7.467622,0.01025956,23.05923
7.481155,0.01025956,23.05923
7.491135,0.01025956,23.05923
7.501529,0.01025956,23.05923
7.512175,0.01332308,22.9202
7.524136,0.01316868,22.95914
7.536814,0.01316868,22.95914
7.548075,0.0151357,22.40413
7.55759,0.01549778,22.28647
7.568839,0.01568379,22.33915
7.584804,0.01616099,22.75921
7.595272,0.01616099,22.75921
7.605833,0.01616099,22.75921
7.616655,0.01616099,22.75921
7.626833,0.01616099,22.75921
7.637774,0.01616099,22.75921
7.648504,0.01616099,22.75921
7.658497,0.01616099,22.75921
7.669406,0.01616099,22.75921
7.679971,0.01616099,22.75921
7.690106,0.01616099,22.75921
7.700913,0.01323272,24.32511
7.711751,0.01322504,24.53247
7.722275,0.01322504,24.53247
7.733555,0.01253835,24.64376
7.743965,0.01253835,24.64376
7.754978,0.01253835,24.64376
7.765372,0.01203617,24.764
7.775162,0.01350849,24.69938
7.789894,0.01350849,24.69938
7.800587,0.01350849,24.69938
7.811298,0.01350849,24.69938
7.821727,0.01350849,24.69938
7.832351,0.01350849,24.69938
7.843178,0.01350849,24.69938
7.853945,0.01350849,24.69938
7.86427,0.01350849,24.69938
7.874726,0.01350849,24.69938
7.885611,0.01350849,24.69938
7.895219,0.01350849,24.69938
7.906438,0.01349898,25.98147
7.921804,0.01472929,26.06478
7.933807,0.01547401,25.8793
7.943709,0.01547401,25.8793
7.954317,0.01715814,26.3716
7.965072,0.01738189,26.54716
7.975467,0.02051367,26.46431
7.992626,0.02154772,26.65437
8.004374,0.02154772,26.65437
8.01611,0.02154772,26.65437
8.026377,0.02154772,26.65437
8.036996,0.02154772,26.65437
8.047799,0.02154772,26.65437
8.058609,0.02154772,26.65437
8.070946,0.02154772,26.65437
8.083326,0.02154772,26.65437
8.094203,0.02154772,26.65437
8.105902,0.02154772,26.65437
8.116559,0.02766705,27.96077
8.127154,0.02806201,28.19837
8.138031,0.028555,28.03384
8.151942,0.02812352,28.50277
8.167298,0.02778476,28.55218
8.181453,0.03081104,29.58551
8.200217,0.03081104,29.58551
8.211273,0.03081104,29.58551
8.223812,0.03081104,29.58551
8.234706,0.03081104,29.58551
8.243812,0.03081104,29.58551
8.254661,0.03081104,29.58551
8.265275,0.03081104,29.58551
8.275046,0.03081104,29.58551
8.2858,0.03081104,29.58551
8.296316,0.03081104,29.58551
8.306638,0.03081104,29.58551
8.317901,0.03727126,29.10276
8.328429,0.03810114,29.23359
8.339609,0.03831151,29.28821
8.351177,0.03846514,29.2406
8.361535,0.03846514,29.2406
8.372205,0.03931887,29.47168
8.384953,0.03931887,29.47168
8.401851,0.03997922,29.31742
8.412296,0.03997922,29.31742
8.426491,0.03997922,29.31742
8.437222,0.03997922,29.31742
8.447655,0.03997922,29.31742
8.459513,0.03997922,29.31742
8.471388,0.03997922,29.31742
8.481939,0.03997922,29.31742
8.491922,0.03997922,29.31742
8.504272,0.03997922,29.31742
8.515437,0.03997922,29.31742
8.525924,0.03945775,31.1765
8.537054,0.0396855,31.29271
8.548315,0.0396999,31.34356
8.558221,0.0396999,31.34356
8.568619,0.0396999,31.34356
8.578602,0.03971442,31.3705
8.588584,0.03942871,31.44877
8.604785,0.0397847,31.40293
8.616227,0.0397847,31.40293
8.626175,0.0397847,31.40293
8.63695,0.0397847,31.40293
8.64785,0.0397847,31.40293
8.658435,0.0397847,31.40293
8.669372,0.0397847,31.40293
8.679783,0.0397847,31.40293
8.689883,0.0397847,31.40293
8.701645,0.0397847,31.40293
8.711951,0.0397847,31.40293
8.72223,0.0397847,31.40293
8.734302,0.02578791,32.33039
8.744378,0.02233328,32.50637
8.754698,0.02233328,32.50637
8.765123,0.02026743,32.54404
8.774899,0.02001619,32.41979
8.786077,0.01836769,32.70192
8.797297,0.01785936,32.85513
8.813098,0.01785936,32.85513
8.824256,0.01652779,33.02589
8.836281,0.01652779,33.02589
8.847525,0.01652779,33.02589
8.856802,0.01652779,33.02589
8.867742,0.01652779,33.02589
8.877455,0.01652779,33.02589
8.888558,0.01652779,33.02589
8.899706,0.01652779,33.02589
8.909777,0.01652779,33.02589
8.921752,0.01652779,33.02589
8.936352,0.00182392,36.11469
8.947052,0.002076841,36.34832
8.95683,0.002076841,36.34832
8.968031,0.002076841,36.34832
8.977918,0.002076841,36.34832
8.988464,0.002076841,36.34832
8.999556,0.003255974,36.57637
9.01551,0.003167946,36.54402
9.025483,0.003167946,36.54402
9.037513,0.003167946,36.54402
9.049316,0.003167946,36.54402
9.059472,0.003167946,36.54402
9.071958,0.003167946,36.54402
9.084831,0.003167946,36.54402
9.095306,0.003167946,36.54402
9.114306,0.003167946,36.54402
9.124885,0.003167946,36.54402
9.135439,0.008131249,37.7389
9.145398,0.009527076,38.16552
9.156899,0.009453497,38.26889
9.169258,0.009453497,38.26889
9.180735,0.009654313,38.34789
9.191512,0.01188401,38.78882
9.203252,0.01183285,38.77097
9.218843,0.01183285,38.77097
9.230615,0.01179563,38.88708
9.241781,0.01179563,38.88708
9.252298,0.01179563,38.88708
9.262089,0.01179563,38.88708
9.273479,0.01179563,38.88708
9.286036,0.01179563,38.88708
9.297856,0.01179563,38.88708
9.308762,0.01179563,38.88708
9.320873,0.01179563,38.88708
9.33159,0.01179563,38.88708
9.343802,0.0141382,39.5727
9.355303,0.0141382,39.5727
9.366438,0.0141382,39.5727
9.376792,0.0126195,39.43878
9.389131,0.01275699,39.52845
9.400539,0.01338711,39.65219
9.41221,0.01347777,39.86568
9.428852,0.01543139,40.77915
9.443355,0.0135349,40.65924
9.457582,0.01309746,40.68082
9.474284,0.0137727,40.8435
9.489524,0.01436798,41.07853
9.504029,0.01509736,41.3377
9.521253,0.01549107,41.52696
9.535732,0.01452517,41.46244
9.547469,0.0143641,41.84636
9.55898,0.0141849,41.76283
9.57162,0.01402429,41.99178
9.583266,0.01454872,42.04003
9.59374,0.01449854,42.12092
9.606083,0.01444896,42.20161
9.61722,0.01439609,42.41354
9.632634,0.01439609,42.41354
9.642228,0.01439609,42.41354
9.654395,0.01439609,42.41354
9.66518,0.01428655,42.49673
9.675424,0.01409931,42.40136
9.68712,0.01421682,42.57544
9.698555,0.01421682,42.57544
9.708915,0.01421682,42.57544
9.719328,0.01421682,42.57544
9.730044,0.01421682,42.57544
9.739627,0.01414751,42.65963
9.751728,0.01414751,42.65963
9.761534,0.01399151,42.59895
9.772521,0.0141635,42.73771
9.783693,0.0141635,42.73771
9.794013,0.01415894,42.8901
9.805986,0.01489032,43.21305
9.817849,0.013829,42.89928
9.834253,0.01282434,42.82611
9.849276,0.01159975,42.84301
9.859962,0.008190599,41.8998
9.871757,0.009804439,39.98143
9.883399,0.01576546,38.15921
9.893759,0.01542275,37.94698
9.905528,0.01837208,35.87167
9.916757,0.01970165,34.46856
9.927169,0.02022283,33.94631
9.938073,0.02422662,32.50903
9.953164,0.02775265,31.67075
9.964664,0.03885331,28.29184
9.975256,0.0449152,25.92594
9.986619,0.05141482,24.14028
10.00377,0.05622831,21.64621
10.01665,0.06059042,20.07255
New Try
New Try
New Try
New Try
New Try
New Try
New Try
New Try
New Try
New Try
New Try
New Try
New Try
3.915603,0.05825851,154.4001
3.919363,0.05808614,156.2101
3.932792,0.05785877,157.2383
3.948351,0.05760505,158.2392
3.960591,0.05729401,160.0342
3.97252,0.05725282,160.7941
3.983809,0.05726112,161.4467
3.995461,0.05724577,162.0924
4.00794,0.05721786,162.7729
4.01864,0.05725733,163.385
4.03001,0.05728729,163.9226
4.041375,0.05727373,164.4959
4.052277,0.05712861,165.5741
4.063996,0.05713293,165.5721
4.075713,0.05710573,166.0905
4.087567,0.0570945,166.5395
4.107198,0.05711434,167.4179
4.117789,0.05716306,167.5914
4.13028,0.0572594,167.7309
4.144536,0.05737652,167.8251
4.161148,0.05741411,168.1075
4.173235,0.057451,168.2924
4.188022,0.05759754,168.6579
4.199206,0.05772304,168.7325
4.211806,0.05788291,168.621
4.223585,0.05792193,168.575
4.235284,0.05799466,168.5605
4.246834,0.05799466,168.5605
4.258437,0.05809607,168.4623
4.269404,0.05816226,168.3558
4.279833,0.05825368,168.1773
4.291953,0.05850979,167.5903
4.303113,0.05866763,167.164
4.316188,0.05887955,166.6438
4.328181,0.05910804,166.0349
4.34158,0.05938188,165.2855
4.360366,0.0599216,163.3565
