New Try
New Try
New Try
New Try
0.5824658,0.00359804,4.389946
0.5982714,0.003423569,4.29473
0.6152474,0.003379153,4.216447
0.631954,0.003121042,4.149967
0.6469399,0.002959689,4.099019
0.68045,0.002680588,3.993118
0.6970724,0.002680588,3.993118
0.713916,0.002600565,3.992382
0.7309495,0.002570132,3.966843
0.7477517,0.0023458,3.957354
0.7672022,0.00211134,3.917417
0.7968517,0.002071027,3.958096
0.8158615,0.002824506,3.920365
0.8366762,0.002817097,3.882974
0.8542448,0.003227561,3.859148
0.8717147,0.003378875,3.857372
0.8882887,0.003378875,3.857372
0.9051358,0.003563782,3.829094
0.9222282,0.00377908,3.745438
0.941333,0.003917733,3.717943
0.9584718,0.004419566,3.694115
0.975159,0.004684893,3.696393
0.9917529,0.005493004,3.71689
1.011482,0.005331899,3.579108
1.029871,0.006259813,3.472318
1.046302,0.006451088,3.447192
1.061158,0.006686031,3.40749
1.078783,0.006664495,3.404558
1.095495,0.006603404,3.402142
1.112082,0.006858589,3.370691
1.126661,0.006858589,3.370691
1.139748,0.007009064,3.328667
1.152705,0.007579931,3.254377
1.166051,0.007348879,3.213392
1.182963,0.007519947,3.151818
1.198557,0.007761524,3.073898
1.21375,0.009154813,1.998412
1.230678,0.009332801,1.883567
1.255217,0.01006193,1.665187
1.283758,0.01039456,1.573088
1.302572,0.01042511,1.585849
1.320932,0.009542567,1.873566
1.338766,0.01035646,1.631349
1.354871,0.01032285,1.664364
1.37152,0.01040914,1.799071
1.388435,0.01071953,1.944809
1.404975,0.01073372,2.007596
1.436235,0.01065136,2.00896
1.451567,0.01065136,2.00896
1.463775,0.01056917,2.008863
1.481695,0.01066251,2.045453
1.498003,0.0105405,2.04794
1.514483,0.0105405,2.04794
1.525592,0.0105405,2.04794
1.540037,0.01062259,2.078672
1.555938,0.01057166,2.108215
1.573218,0.01082666,2.154677
1.591863,0.01078642,2.172588
1.612116,0.01039306,2.305541
1.630416,0.009700526,2.411352
1.648122,0.009276766,2.439276
1.664228,0.008998577,2.45208
1.681175,0.008829144,2.420669
1.697361,0.008942888,2.444566
1.713091,0.009007646,2.430513
1.731242,0.008448406,2.430755
1.747543,0.008356166,2.432687
1.76398,0.008299579,2.455989
1.784417,0.008086251,2.514505
1.800635,0.008086251,2.514505
1.814608,0.007864167,2.542836
1.834036,0.007864167,2.542836
1.848519,0.007935937,2.545452
1.86275,0.007534804,2.58997
1.875838,0.007520766,2.598421
1.890399,0.006978973,2.650184
1.905806,0.006786514,2.687151
1.921843,0.005640062,2.87535
1.940795,0.005616028,2.863138
1.972507,0.005435259,2.951677
1.990385,0.005203628,3.012789
2.011431,0.005180994,3.078098
2.027577,0.005361151,3.045169
2.042045,0.005354542,3.059791
2.058005,0.005498365,3.099078
2.074821,0.005570356,3.150824
2.087911,0.005645858,3.186903
2.103837,0.005550385,3.229982
2.117521,0.005601992,3.268663
2.131161,0.005813881,3.266506
2.149297,0.005877062,3.23289
2.16428,0.00583978,3.275365
2.180727,0.00583978,3.275365
2.196825,0.005866719,3.239121
2.213922,0.005866719,3.239121
2.231967,0.00595605,3.248717
2.249229,0.005976913,3.268484
2.265184,0.006021866,3.265787
2.28384,0.006455189,3.358355
2.301567,0.006721002,3.420451
2.318837,0.006529373,3.418275
2.339238,0.006971834,3.541824
2.357978,0.007050752,3.628927
2.374446,0.006926275,3.632594
2.390511,0.007348892,3.618228
2.40489,0.007338952,3.632001
2.42113,0.007491998,3.659553
2.438694,0.007539269,3.71926
2.454595,0.007470008,3.76546
2.470394,0.00726343,3.760309
2.48508,0.007078456,3.747006
2.499265,0.006962028,3.764108
2.513551,0.007115737,3.760934
2.525515,0.007023383,3.778594
2.541694,0.007023383,3.778594
2.573638,0.00696499,3.840226
2.590634,0.00696499,3.840226
2.606069,0.006947506,3.856915
2.620986,0.007069048,3.928747
2.637305,0.007048616,3.944765
2.655249,0.007732708,4.03551
2.67328,0.007637315,4.092947
2.691555,0.007520904,4.140613
2.708015,0.007392325,4.167391
2.72527,0.007166587,4.231609
2.743486,0.00708979,4.247131
2.763307,0.006784487,4.29359
2.781384,0.006690527,4.311434
2.799081,0.006690527,4.311434
2.818216,0.006702746,4.359995
2.836819,0.006429925,4.419959
2.849932,0.006421143,4.441443
2.870721,0.006470076,4.584113
2.885805,0.006243222,4.588597
2.901781,0.006266351,4.62982
2.9304,0.006266351,4.62982
2.946417,0.006362985,4.624316
2.973068,0.006418922,4.739046
2.999774,0.006450218,4.763454
3.016389,0.006264647,4.893048
3.033833,0.006217806,4.99018
3.054427,0.00607321,5.051289
3.070178,0.006151129,5.122696
3.091831,0.006074998,5.240749
3.107773,0.005830414,5.32925
3.121797,0.005791529,5.331456
3.134233,0.005667074,5.392306
3.147883,0.005621777,5.445213
3.165102,0.005682779,5.450393
3.179596,0.005657162,5.452155
3.195923,0.005580145,5.450788
3.211015,0.005480982,5.474609
3.22749,0.005371466,5.519954
3.243435,0.005309466,5.546659
3.25894,0.005107426,5.588617
3.272453,0.005107426,5.588617
3.286147,0.005163628,5.602871
3.300498,0.005163628,5.602871
3.314334,0.005070748,5.614088
3.329529,0.005203872,5.656864
3.347502,0.005092693,5.706263
3.368178,0.005352563,5.782555
3.385949,0.005584591,5.803769
3.400283,0.005581971,5.785469
3.41642,0.005561172,5.809136
3.432169,0.005593079,5.798971
3.448995,0.005593079,5.798971
3.465738,0.005593079,5.798971
3.482449,0.005440243,5.877499
3.498909,0.005370537,6.019918
3.513463,0.005492278,6.023336
3.527101,0.005613374,6.102457
3.539537,0.005584416,6.149755
3.553138,0.00549024,6.228567
3.569267,0.005299889,6.233003
3.603521,0.005378223,6.382422
3.620409,0.005378727,6.41683
3.636305,0.005378727,6.41683
3.651426,0.005387198,6.508069
3.667677,0.005387198,6.508069
3.684298,0.005387198,6.508069
3.699925,0.005191509,6.573218
3.718486,0.004842188,6.741918
3.736305,0.004539006,6.958211
3.750669,0.004300038,6.913613
3.763336,0.004368084,6.863042
3.775785,0.004084614,7.04495
3.809453,0.003789703,7.172143
3.824002,0.003773325,7.190884
3.841317,0.003724318,7.241831
3.863935,0.00370994,7.363406
3.879858,0.003759148,7.378233
3.89421,0.003829656,7.385277
3.909698,0.003972635,7.363805
3.925063,0.003977292,7.426873
3.941481,0.003920072,7.548499
3.959975,0.003953991,7.596855
3.977397,0.003924299,7.589618
3.996148,0.004133298,7.614659
4.014825,0.004133298,7.614659
4.030247,0.004133298,7.614659
4.04484,0.004133298,7.614659
4.06114,0.004195583,7.691666
4.076572,0.004195583,7.691666
4.092331,0.00421126,7.746002
4.106701,0.00421126,7.746002
4.118247,0.004203274,7.817382
4.132385,0.003976234,8.051887
4.146161,0.003765246,7.867414
4.160748,0.003722271,7.894313
4.178867,0.00390658,8.174211
4.211179,0.004256261,8.55901
4.228901,0.004172537,8.613723
4.245074,0.004264036,8.717648
4.261797,0.004472466,8.864103
4.277772,0.004698691,9.001193
4.294122,0.004788442,9.043028
4.311601,0.004878944,9.103557
4.327206,0.004914904,9.117058
4.344232,0.004853516,9.14497
4.362737,0.004941049,9.039072
4.378303,0.004867728,9.098007
4.395456,0.004867728,9.098007
4.412007,0.004948061,9.061912
4.445123,0.005124045,9.065163
4.462277,0.005207244,9.095653
4.479508,0.005546784,9.096452
4.496087,0.005696289,9.148558
4.511698,0.005646738,9.219915
4.525172,0.005857088,9.092844
4.538286,0.006007226,9.074674
4.550616,0.006223152,9.136414
4.565835,0.006265299,9.163002
4.582374,0.006335154,9.214051
4.598592,0.006402544,9.260834
4.625897,0.006297048,9.334184
4.641225,0.006238921,9.451699
4.655537,0.006111601,9.356749
4.668276,0.006119262,9.291829
4.684563,0.006109241,9.301618
4.701971,0.00622925,9.248731
4.720798,0.00622925,9.248731
4.737823,0.006259424,9.256164
4.757759,0.006257104,9.358303
4.779241,0.006257104,9.358303
4.803067,0.006206623,9.376641
4.8313,0.006185933,9.383933
4.854274,0.006113333,9.470419
4.876198,0.005543016,9.794003
4.889986,0.005527002,9.758806
4.9073,0.005449378,9.915143
4.921409,0.005536682,10.0724
4.937812,0.005443665,10.18655
4.956864,0.005334379,10.28748
4.975867,0.005237327,10.35896
4.993647,0.005182795,10.36122
5.011935,0.00519918,10.49303
5.036308,0.005254388,10.55466
5.056557,0.005181583,10.53599
5.078168,0.005195314,10.55477
5.098695,0.005256374,10.62553
5.115766,0.0053069,10.6153
5.13029,0.00528433,10.6595
5.14289,0.00528433,10.6595
5.162237,0.005298087,10.64167
5.178395,0.005437166,10.67763
5.193594,0.00568659,10.54425
5.209141,0.006108998,10.72644
5.23459,0.006019708,10.75129
5.262906,0.005982128,10.90656
5.283212,0.006029005,10.89434
5.314314,0.005780848,10.93764
5.335586,0.005723219,10.92135
5.365197,0.005715823,10.92953
5.39925,0.005773379,11.0258
5.420291,0.005920115,11.14041
5.444215,0.005836268,11.24579
5.471935,0.005836268,11.24579
5.495164,0.005697439,11.33809
5.513792,0.005709411,11.29453
5.540962,0.005808638,11.31198
5.561061,0.005359272,11.41157
5.577487,0.005170995,11.59381
5.608539,0.00521177,11.68459
5.627901,0.005228816,11.70432
5.646405,0.005135479,11.81612
5.66623,0.005092109,11.82208
5.684993,0.005166897,11.88093
5.711671,0.005223933,11.95199
5.72972,0.005314961,11.98428
5.748457,0.005424441,12.01354
5.766795,0.005554376,12.06451
5.795866,0.005875315,12.19514
5.815377,0.005915055,12.34651
5.846676,0.006008596,12.26379
5.872818,0.006008596,12.26379
5.908245,0.006021759,12.33374
5.92906,0.00612672,12.41619
5.961102,0.006453769,12.59073
5.979342,0.007067069,12.74782
5.997057,0.007074993,12.80893
6.014503,0.007152189,13.0528
6.02977,0.006966858,12.82271
6.042393,0.006974023,12.8811
6.056872,0.006977456,12.8236
6.074007,0.00691646,12.7652
6.085877,0.007114839,12.80679
6.100042,0.007210938,12.89922
6.132833,0.007278407,12.88137
6.153566,0.007295702,12.91766
6.170419,0.007310021,12.99255
6.183686,0.007295987,13.02295
6.195942,0.007101392,13.03782
6.208513,0.007101392,13.03782
6.224401,0.007096054,13.07464
6.240216,0.007096054,13.07464
6.253363,0.007114159,13.04923
6.26534,0.00711253,13.06882
6.28341,0.007031091,13.09592
6.297997,0.007111,13.07385
6.314266,0.0077604,13.12483
6.332769,0.007850045,13.14972
6.361238,0.007785051,13.20094
6.380751,0.00751242,13.11568
6.401115,0.007395504,12.94752
6.426919,0.00746651,13.0328
6.452106,0.007625627,12.88117
6.47672,0.007738209,12.75898
6.496783,0.007731356,12.74775
6.514042,0.00780322,12.80902
6.53033,0.007820131,12.87837
6.544148,0.007821778,12.93854
6.558182,0.007737708,12.94016
6.571825,0.007737708,12.94016
6.583803,0.007737708,12.94016
6.598737,0.007737708,12.94016
6.614443,0.007737708,12.94016
6.63005,0.007721745,13.17947
6.643115,0.007721745,13.17947
6.655873,0.007773741,12.9109
6.669879,0.007756824,12.86186
6.684526,0.007704745,12.86814
6.702052,0.007772469,13.03187
6.718849,0.007543088,12.75391
6.734752,0.007824688,12.96017
6.749217,0.00779714,12.93604
6.765671,0.008000397,12.89529
6.782561,0.008052437,12.89911
6.799269,0.00808334,12.9963
6.814981,0.008080923,13.04345
6.830345,0.008269874,13.34846
6.843714,0.008094651,13.24101
6.857377,0.007989564,13.19419
6.878708,0.008080855,13.253
6.894585,0.008164522,13.22799
6.930547,0.008763604,13.35516
6.951649,0.008763604,13.35516
6.970044,0.008763604,13.35516
6.992727,0.008783565,13.29611
7.011868,0.008908889,13.29892
7.032795,0.009503176,13.51147
7.055712,0.01026282,13.77548
7.080349,0.009646593,13.34535
7.097248,0.01008598,13.47996
7.11467,0.01032513,13.47455
7.125585,0.010331,13.4782
7.140469,0.01039496,13.50291
7.1552,0.01050241,13.68571
7.171964,0.01054174,13.81652
7.18985,0.01036326,13.84179
7.206427,0.01016539,13.8292
7.220997,0.01012529,13.74094
7.235682,0.01019923,13.75162
7.246711,0.01032727,13.86198
7.260001,0.01067382,14.0318
7.27488,0.01067382,14.0318
7.291331,0.01067382,14.0318
7.307758,0.0106579,13.9918
7.327177,0.01075929,14.0479
7.342883,0.01075929,14.0479
7.357893,0.01080375,14.10913
7.373435,0.01080375,14.10913
7.392073,0.0108103,13.95286
7.407746,0.01105162,14.07556
7.424911,0.01099953,14.4423
7.444304,0.01044805,14.36732
7.461194,0.01066664,14.51952
7.47741,0.01073422,14.55033
7.49421,0.01088074,14.86137
7.510306,0.01086015,14.77235
7.5289,0.01099895,14.9682
7.544472,0.01093082,14.97058
7.561969,0.01100998,15.07557
7.57787,0.01107735,15.13359
7.59756,0.01126214,15.24756
7.616158,0.01165669,15.5393
7.665609,0.01169541,15.64933
7.688109,0.01175059,15.72494
7.707278,0.01184393,15.79473
7.724361,0.01184393,15.79473
7.74233,0.01179934,15.79467
7.755997,0.01195932,15.92518
7.769872,0.01206296,16.02806
7.785357,0.01223208,16.1167
7.797372,0.01280587,16.61281
7.811891,0.01266003,16.43943
7.828373,0.01272116,16.44691
7.844566,0.01289311,16.54138
7.860886,0.01308751,16.66882
7.878002,0.01329749,16.81703
7.900618,0.01326826,16.87457
7.922839,0.01332147,16.91759
7.949479,0.01328534,16.89984
7.974027,0.0135864,17.16795
7.992406,0.01396535,17.43956
8.011128,0.01397897,17.50954
8.029794,0.01419112,17.6621
8.048315,0.01419112,17.6621
8.067592,0.01419112,17.6621
8.085985,0.01417118,17.64677
8.102115,0.0142932,17.71392
8.115318,0.01433199,17.7491
8.128679,0.01485157,18.0974
8.15345,0.01487735,18.10376
8.176753,0.01509161,18.22503
8.194666,0.01514103,18.26288
8.211713,0.01524951,18.39445
8.228901,0.01566194,18.68947
8.246097,0.01545018,18.6209
8.263409,0.01558052,18.71437
8.282818,0.01615693,19.06651
8.30135,0.01595251,18.90878
8.317014,0.0159533,18.95863
8.337056,0.01607933,19.16973
8.358422,0.01607928,19.19743
8.377675,0.0161102,19.26991
8.397402,0.01614992,19.30798
8.416845,0.01621374,19.36587
8.44,0.01621374,19.36587
8.45937,0.01621374,19.36587
8.479212,0.01632456,19.36469
8.497846,0.01645306,19.43837
8.51625,0.01661731,19.58741
8.534925,0.01693622,19.54061
8.55462,0.01678468,19.73194
8.573111,0.01678468,19.73194
8.591658,0.01698191,19.90743
8.609452,0.01669487,19.95882
8.628261,0.01678513,20.18306
8.64668,0.01681689,20.26148
8.663659,0.01738866,20.37725
8.680027,0.01791376,20.36581
8.694193,0.01804441,20.42634
8.707607,0.01822676,20.52601
8.720753,0.01817325,20.40469
8.733999,0.0181764,20.48648
8.748377,0.01832834,20.57789
8.764713,0.0183407,20.73841
8.781578,0.01841284,20.77364
8.798674,0.01850582,20.7905
8.816104,0.01850582,20.7905
8.834338,0.0186553,20.89679
8.85187,0.0186553,20.89679
8.870575,0.01907194,21.0155
8.899075,0.01903805,21.18523
8.926118,0.01959257,21.2669
8.947139,0.02004099,21.49314
8.967428,0.02040845,21.62288
New Try
New Try
New Try
New Try
New Try
New Try
0.4947375,0.01383815,1.843556
0.512342,0.01350635,1.872626
0.5360665,0.01334853,1.849174
0.5556717,0.01322964,1.851501
0.5739489,0.01295695,1.869802
0.5894819,0.01295695,1.869802
0.6036205,0.01295695,1.869802
0.6195688,0.01317727,1.852663
0.6366725,0.01268947,1.880864
0.6517865,0.01268947,1.880864
0.6655218,0.01299161,1.865086
0.6796918,0.01299161,1.865086
0.6975121,0.01255439,1.832055
0.7110011,0.01238763,1.771004
0.7262625,0.01225986,1.754908
0.7509602,0.01142301,1.800919
0.7756251,0.01138065,1.765692
0.7917047,0.01099147,1.813481
0.8080639,0.01129826,1.865506
0.8220425,0.01107877,1.878782
0.8383712,0.01096467,1.904851
0.8544901,0.01098424,1.887408
0.8711398,0.01079327,1.933101
0.8880926,0.0105917,2.057189
0.9030066,0.01047948,2.030665
0.9147505,0.01050415,2.083375
0.9271919,0.01043579,2.103289
0.9419503,0.01044557,2.12532
0.9590707,0.01041258,2.171236
1.002002,0.01047317,2.287387
1.02158,0.01041194,2.281562
1.034224,0.01041231,2.32591
1.049038,0.01041231,2.32591
1.061744,0.01041231,2.32591
1.075692,0.01057207,2.475042
1.094069,0.01031901,2.441681
1.110454,0.01021556,2.443364
1.127285,0.009742635,2.486561
1.143062,0.009798379,2.535821
1.159778,0.009574492,2.543683
1.179123,0.0100792,2.67225
1.196139,0.009146662,2.590801
1.212499,0.009280577,2.631283
1.228521,0.009280577,2.631283
1.24511,0.009195105,2.625772
1.261044,0.009195105,2.625772
1.276361,0.00908629,2.679127
1.290323,0.009254581,2.722755
1.308039,0.009532348,2.772199
1.323931,0.010194,2.990943
1.339444,0.01029758,2.929308
1.352199,0.01038604,2.943242
1.36843,0.01031818,2.9265
1.410039,0.01034717,2.93625
1.42745,0.01036108,2.93765
1.44202,0.01049337,2.966495
1.458914,0.01057719,3.005308
1.4756,0.01066967,3.006024
1.48852,0.0104872,3.178784
1.528312,0.01020603,3.24938
1.550892,0.01013202,3.409156
1.566375,0.01010976,3.471867
1.582381,0.01052675,3.57029
1.597663,0.01100691,3.513629
1.610427,0.01146411,3.637119
1.625154,0.01167044,3.56579
1.641957,0.01169512,3.587905
1.659233,0.01156185,3.660569
1.674514,0.01164608,3.71262
1.690474,0.01121148,3.797359
1.702831,0.01117263,3.880552
1.716046,0.01131362,3.944616
1.73037,0.01160844,4.01171
1.74507,0.01160844,4.01171
1.759393,0.01154278,3.876311
1.775797,0.01167071,3.905802
1.791812,0.01170086,3.936466
1.826083,0.01145577,3.960025
1.851489,0.01125616,4.031238
1.866907,0.01125616,4.031238
1.879549,0.01116096,4.091176
1.898589,0.01103404,4.238684
1.918113,0.01139981,4.230683
1.932149,0.01178985,4.155862
1.95244,0.01095657,4.316565
1.967437,0.01028564,4.407356
1.983125,0.01024806,4.509802
2.004938,0.01033936,4.597851
2.030035,0.01021248,4.615031
2.044532,0.009880972,4.661024
2.059191,0.009804158,4.742476
2.076965,0.009423371,4.785365
2.091873,0.009260761,4.84246
2.106355,0.009074865,4.916614
2.119484,0.009075246,4.941099
2.13537,0.009075246,4.941099
2.15203,0.009075246,4.941099
2.167888,0.008957297,4.948666
2.181924,0.008864027,4.972166
2.19783,0.008831964,5.020008
2.213621,0.008613071,5.11236
2.235495,0.00799533,5.253521
2.252001,0.008052777,5.233229
2.267811,0.008151221,5.256951
2.281474,0.00817709,5.29402
2.294389,0.00821659,5.316218
2.306919,0.008193173,5.347641
2.321889,0.008238573,5.380555
2.336767,0.008309585,5.376329
2.35237,0.008057225,5.419565
2.368962,0.007944812,5.470598
2.385122,0.007954947,5.486837
2.398886,0.007844243,5.561443
2.412386,0.00780187,5.599407
2.424107,0.00789978,5.663858
2.458319,0.007897909,5.730119
2.474193,0.007985665,5.770543
2.489417,0.008016251,5.790684
2.512325,0.007943073,5.793662
2.533058,0.007943073,5.793662
2.54441,0.00795518,5.82026
2.559279,0.00795518,5.82026
2.575843,0.008066406,5.84184
2.592941,0.008121395,5.838014
2.61007,0.008171609,5.855882
2.626378,0.008256385,5.91112
2.644383,0.008396998,6.096061
2.660356,0.0086995,6.054856
2.678343,0.008877785,6.081605
2.693695,0.008868249,6.184818
2.710545,0.008786181,6.331778
2.727076,0.008735037,6.480774
2.742192,0.008530289,6.789112
2.756697,0.008542575,6.852117
2.769657,0.008570696,6.87957
2.783029,0.008931695,7.122105
2.798538,0.00911454,6.98171
2.813781,0.00919689,7.054995
2.831491,0.009092515,7.007567
2.864672,0.009087908,7.08939
2.880224,0.009087908,7.08939
2.896311,0.009120907,7.127556
2.912133,0.009111218,7.08831
2.928927,0.009210632,7.239989
2.945585,0.00926424,7.416112
2.963199,0.009242782,7.347027
2.9821,0.009034722,7.52981
3.015512,0.008881261,7.771148
3.034566,0.009030864,7.972354
3.052838,0.009004362,7.889115
3.068065,0.009064612,7.930435
3.085825,0.009104919,7.89016
3.100995,0.009075824,8.022477
3.121146,0.009161484,8.202146
3.138404,0.009278749,8.301867
3.154004,0.009112822,8.094296
3.168923,0.009112822,8.094296
3.184917,0.009116522,8.124631
3.199839,0.009224507,8.24517
3.21402,0.009282416,8.288871
3.225066,0.009282416,8.288871
3.239265,0.009155208,8.041615
3.256382,0.009155208,8.041615
3.271085,0.009220355,7.904203
3.287668,0.009154779,7.431204
3.30286,0.009246842,7.391677
3.318273,0.009255061,7.390855
3.335008,0.009399489,7.656066
3.350247,0.009389557,7.639771
3.365091,0.009278703,7.197183
3.377876,0.009225763,6.993837
3.390849,0.009149686,6.598677
3.406779,0.009150592,6.53321
3.422102,0.00921471,6.598677
3.438492,0.009175204,6.751569
3.455952,0.009193974,6.831735
3.488731,0.009334464,6.930757
3.50546,0.009394946,7.011317
3.527009,0.009319725,7.007147
3.544859,0.009314257,7.019733
3.559187,0.00922102,6.945486
3.574869,0.009198832,6.950427
3.589769,0.009198832,6.950427
3.605506,0.009256835,6.997735
3.622641,0.009256835,6.997735
3.640109,0.009253303,7.027944
3.657597,0.009238927,7.081804
3.678869,0.009271553,7.238933
3.695362,0.009205493,7.190556
3.714999,0.009326141,7.282571
3.732639,0.009309178,7.312925
3.747135,0.009331927,7.322416
3.76202,0.009010495,7.031349
3.778219,0.00900498,7.033636
3.794471,0.00900498,7.033636
3.809953,0.008956283,6.9135
3.824466,0.008883714,6.82211
3.836733,0.00888864,6.775927
3.848979,0.008908812,6.818918
3.86561,0.008811881,7.036034
3.910576,0.008570196,7.064137
3.929939,0.008407349,7.025711
3.946921,0.008453539,6.926567
3.963792,0.008453539,6.926567
3.981276,0.008491377,6.849711
3.997311,0.008585326,6.875777
4.011014,0.008668099,6.900124
4.033683,0.008652518,6.761032
4.049851,0.008808126,6.795263
4.064529,0.008855186,6.8667
4.077888,0.009000973,6.96041
4.096774,0.008565738,7.236114
4.111448,0.008760701,7.306268
4.123463,0.008755682,7.265499
4.138025,0.008658962,7.19042
4.152893,0.008729709,7.219311
4.16937,0.008696045,7.194157
4.185775,0.008703932,7.268846
4.199857,0.008796995,7.409944
4.213543,0.008798962,7.531477
4.225501,0.008717468,7.434477
4.240155,0.008763839,7.473832
4.257308,0.008601445,7.294443
4.274981,0.008566531,7.309812
4.292145,0.008646823,7.413359
4.325024,0.008668925,7.471495
4.356212,0.008717303,7.537806
4.37497,0.008834505,7.590833
4.391697,0.008916665,7.604756
4.412079,0.008867345,7.543167
4.429111,0.008867345,7.543167
4.443392,0.008819879,7.596726
4.460285,0.009009014,7.653707
4.478274,0.009087617,7.711518
4.510985,0.008475297,7.63638
4.53203,0.008353708,7.776021
4.548678,0.008502298,7.550864
4.565673,0.008407491,7.343821
4.580045,0.008640036,7.425287
4.595635,0.008618902,7.460562
4.608238,0.0086002,7.436536
4.621185,0.008881685,7.56011
4.638569,0.008922349,7.486974
4.657513,0.008913299,7.361486
4.679334,0.008993979,7.308819
4.698099,0.00899108,7.326488
4.713159,0.00899108,7.326488
4.734145,0.009141495,7.409759
4.745175,0.00916066,7.427322
4.761032,0.00949044,7.567972
4.776567,0.009361431,7.424839
4.793167,0.009748858,7.821423
4.809148,0.00984994,7.391332
4.825522,0.009960162,7.347988
4.841066,0.009915406,7.310027
4.857188,0.009895534,7.374616
4.871194,0.009370575,7.457247
4.887579,0.009539106,7.582349
4.903003,0.00896265,7.424019
4.926748,0.00894308,7.27257
4.945364,0.008960414,7.437592
4.962446,0.00884698,7.65004
4.980649,0.009008886,7.729338
4.997506,0.00901271,7.773951
5.016643,0.009286066,7.972871
5.037918,0.009268328,8.057906
5.052645,0.009240882,8.072511
5.069165,0.009224313,8.063678
5.085423,0.009224313,8.063678
5.097877,0.009257142,8.115226
5.116181,0.009257142,8.115226
5.129422,0.009273623,8.044325
5.14657,0.009365796,8.025218
5.160357,0.00944156,8.008247
5.174814,0.009480203,8.029913
5.190592,0.009617236,8.092793
5.20689,0.009643302,8.48369
5.223851,0.009398143,8.257686
5.238634,0.009261861,8.218431
5.255585,0.009110462,8.145289
5.270422,0.008974488,8.251239
5.287372,0.008854572,8.263248
5.305447,0.008794169,8.170102
5.319431,0.00875217,8.098443
5.331368,0.008579668,7.992986
5.359225,0.00833702,7.992421
5.375747,0.008128989,8.056128
5.390746,0.008010445,7.990112
5.406681,0.007860362,8.061194
5.422761,0.007860362,8.061194
5.438469,0.007675841,7.993649
5.451091,0.007675841,7.993649
5.473698,0.007346704,8.078613
5.492157,0.00708747,8.038221
5.512319,0.006974656,8.155046
5.542803,0.006261717,8.411952
5.563603,0.006219639,8.298957
5.57869,0.006026617,8.223757
5.596716,0.00574368,8.273721
5.611948,0.005691366,8.349014
5.628194,0.005720497,8.4155
5.64053,0.005667406,8.420911
5.656388,0.005561002,8.377893
5.67347,0.005475751,8.326947
5.690156,0.00559182,8.46232
5.707658,0.005333027,8.379019
5.723906,0.005333027,8.379019
5.741671,0.005230679,8.392881
5.762319,0.005366182,8.463295
5.783971,0.005241246,8.379534
5.798424,0.005212578,8.439198
5.817087,0.005212578,8.439198
5.830882,0.005282568,8.504638
5.846781,0.005282568,8.504638
5.863008,0.004457515,8.391711
5.87942,0.004211186,8.459326
5.897381,0.003554219,8.711134
5.914553,0.003558207,8.760468
5.934038,0.003400046,8.923061
5.952857,0.00334477,8.851418
5.974707,0.003498379,8.940724
5.991723,0.00376047,9.024911
6.025358,0.003527554,8.917665
6.041416,0.003875826,9.078527
6.056251,0.003796129,9.021404
6.07377,0.003722393,9.074436
6.089584,0.003773597,9.076817
6.106267,0.003911133,9.024693
6.122822,0.003730395,9.041876
6.14017,0.004171412,9.187033
6.15785,0.003640426,9.046351
6.174267,0.00387034,9.08305
6.190826,0.00387034,9.08305
6.20772,0.00387034,9.08305
6.222422,0.003724164,8.983232
6.235083,0.003916556,8.966463
6.250257,0.004020916,8.959668
6.263379,0.004361949,8.93857
6.278292,0.00499427,9.057942
6.294241,0.005074989,9.084282
6.310002,0.006107524,9.25164
6.326764,0.005988531,9.206349
6.344005,0.006199933,9.27949
6.360245,0.006199933,9.27949
6.375957,0.005897195,9.230459
6.390764,0.00612366,9.30149
6.405345,0.006052772,9.299251
6.430137,0.005743279,9.384436
6.446522,0.005656491,9.374755
6.464503,0.005671669,9.406944
6.481782,0.005505844,9.364392
6.498387,0.005402164,9.317366
6.513958,0.005321058,9.394484
6.53359,0.005326076,9.466205
6.55178,0.005289302,9.473262
6.566542,0.005289302,9.473262
6.582002,0.005285265,9.626268
6.598737,0.00530255,9.716121
6.614351,0.005380822,9.953191
6.634824,0.005330576,10.69397
6.652345,0.004844039,9.77286
6.66877,0.004849159,9.906631
6.683335,0.004799437,9.949475
6.698691,0.004962684,10.04099
6.714644,0.005026053,10.18974
6.733798,0.005106371,10.41123
6.750342,0.005184787,10.47775
6.76662,0.005387449,10.5864
6.781787,0.005568386,10.6881
6.797586,0.005568386,10.6881
6.81041,0.005700082,10.74408
6.824573,0.005850046,10.75867
6.856736,0.006238751,10.85823
6.874281,0.006344824,10.86096
6.891972,0.006347362,10.91342
6.907277,0.006347362,10.91342
6.923699,0.006347362,10.91342
6.939603,0.006229928,10.79368
6.956166,0.006120634,10.82235
6.972499,0.00613586,10.84054
6.991528,0.00613586,10.84054
7.004794,0.00613586,10.84054
7.01555,0.006175086,10.94548
7.036474,0.005943342,10.9595
7.078899,0.006508369,11.29215
7.097521,0.006886461,11.40936
7.114086,0.007058455,11.51557
7.12989,0.00714714,11.58164
7.146781,0.007454127,11.74633
7.163482,0.007152967,11.61566
7.180334,0.007388995,11.77518
7.198899,0.007343486,11.67447
7.218453,0.007804763,11.97691
7.235998,0.00769773,11.98862
7.253625,0.007722499,12.02074
7.272733,0.007722499,12.02074
7.289291,0.007716835,11.97311
7.304719,0.00789806,12.15635
7.317897,0.007967131,12.2264
7.337095,0.008349728,12.43151
7.355677,0.008529235,12.63894
7.370177,0.008447797,12.66121
7.383353,0.008580036,12.71718
7.397008,0.008764991,12.84948
7.413037,0.008796779,12.73431
7.428141,0.009049664,12.89374
7.44417,0.008908571,12.75939
7.460848,0.00894311,12.78446
7.486125,0.009493655,13.10502
7.514883,0.009428325,13.03248
7.534008,0.009556844,13.0697
7.552145,0.009719069,13.0631
7.567839,0.009789515,13.12258
7.583306,0.009720551,13.03518
7.600651,0.009629992,12.96695
7.616311,0.009594291,12.94645
7.63248,0.009594291,12.94645
7.648398,0.009594291,12.94645
7.662675,0.009571355,12.9468
7.681093,0.009571355,12.9468
7.693108,0.009539799,12.95933
7.708974,0.009539799,12.95933
7.721245,0.009635306,13.01493
7.734982,0.009499289,12.96654
7.751012,0.009552013,13.01531
7.765726,0.009368479,13.10074
7.77885,0.009637315,13.26348
7.794847,0.009511525,12.96947
7.809402,0.009690189,13.0203
7.824445,0.009670537,13.02406
7.838581,0.009890744,13.01854
7.857986,0.009876556,13.10282
7.878201,0.009879134,13.02539
7.906168,0.01014029,13.05586
7.924304,0.01057123,13.25676
7.944695,0.01090853,13.30855
7.958816,0.01116691,13.43296
7.975761,0.01097837,13.25781
7.998422,0.01097837,13.25781
8.011368,0.01100064,13.25398
8.027887,0.01100064,13.25398
8.046299,0.01104466,13.28395
8.061103,0.0111304,13.37586
8.076904,0.01128063,13.45088
8.094527,0.01136718,13.5975
8.112683,0.0113127,13.69753
8.128771,0.01131153,13.74959
8.146544,0.01143383,13.91026
8.162696,0.01158192,14.11472
8.177928,0.01138355,13.96874
8.194294,0.0115994,14.17481
8.210793,0.01165302,14.18962
8.227008,0.01186169,14.45038
8.240763,0.0117062,14.34046
8.255345,0.0117706,14.40752
8.269118,0.0117706,14.40752
8.282022,0.01215702,14.72946
8.29778,0.01215702,14.72946
8.330264,0.0127143,15.02993
8.353245,0.01309502,15.30313
New Try
New Try
New Try
New Try
New Try
New Try
New Try
New Try
0.979467,0.006052893,5.503064
0.9963326,0.00518174,5.464003
1.01471,0.003855387,5.213911
1.027869,0.004036125,5.217104
1.044263,0.003909873,5.156663
1.061037,0.00408606,4.970866
1.078267,0.004567649,5.0942
1.095969,0.004691852,5.032014
1.111499,0.004924179,5.10607
1.142679,0.004985801,5.106569
1.15938,0.004885745,5.056639
1.176123,0.004924932,4.99975
1.19162,0.004966103,4.918208
1.207949,0.00484669,4.89681
1.223429,0.004872983,4.89929
1.238098,0.004872983,4.89929
1.24977,0.004844204,4.908399
1.261304,0.004844204,4.908399
1.28232,0.004932743,4.868926
1.296097,0.004939712,4.891847
1.312538,0.004959494,4.832051
1.34267,0.005069636,4.635232
1.360019,0.005231533,4.609042
1.376334,0.005172935,4.679521
1.392723,0.005276846,4.607767
1.408394,0.005430832,4.653158
1.424892,0.005580493,4.543381
1.441315,0.005467177,4.454741
1.457743,0.005291374,4.315748
1.472773,0.005196271,4.352442
1.486947,0.005035899,4.215193
1.503608,0.004829858,4.036044
1.519662,0.004717935,3.947196
1.544363,0.00443113,3.885444
1.560362,0.004400921,3.767124
1.575301,0.004400921,3.767124
1.590571,0.004400921,3.767124
1.608715,0.004400921,3.767124
1.624616,0.004320489,3.766604
1.638945,0.00434075,3.703273
1.653013,0.004274188,3.690986
1.664413,0.004298912,3.620284
1.676325,0.004298912,3.620284
1.692213,0.004326066,3.529031
1.710484,0.003967828,3.33736
1.725697,0.004651957,3.03351
1.758999,0.003943231,2.805678
1.775959,0.004156957,2.384416
1.794572,0.003633202,2.114148
1.809813,0.004352163,1.897336
1.82464,0.004019037,1.954847
1.840639,0.004839114,1.801462
1.857015,0.00482397,1.806345
1.872781,0.004655548,1.807103
1.886673,0.004621318,1.764584
1.8994,0.004763304,1.696736
1.911266,0.004741613,1.629188
1.926838,0.005116533,1.486879
1.962236,0.004904156,1.409172
1.981883,0.004636383,1.405835
1.994925,0.004636383,1.405835
2.01229,0.00453354,1.38395
2.029733,0.004329697,1.337352
2.045004,0.004194413,1.243325
2.062423,0.003423751,1.111708
2.081826,0.003350266,1.07974
2.097676,0.003460429,1.086065
2.114519,0.003500959,1.06091
2.147423,0.003102939,1.062384
2.164304,0.003097276,1.072832
2.180967,0.003100757,1.053692
2.201863,0.002875091,1.044552
2.21862,0.002911687,1.027744
2.233336,0.002911687,1.027744
2.249644,0.002849325,1.011044
2.265491,0.002813807,0.9803861
2.280092,0.003024845,0.9358636
2.297796,0.002902382,0.916212
2.311277,0.002617866,0.8425589
2.322814,0.002617866,0.8425589
2.336593,0.002617866,0.8425589
2.351628,0.00255002,0.8230571
2.36997,0.00254555,0.8101172
2.385826,0.00254555,0.8101172
2.401469,0.002559766,0.8030819
2.416376,0.002440496,0.7399282
2.433011,0.002461942,0.6649964
2.449327,0.001513311,0.6103771
2.465132,0.001213214,0.6501176
2.479787,0.001083114,0.7066523
2.496101,0.001277306,0.7465102
2.510962,0.001340335,0.7480813
2.522835,0.001214252,0.8842595
2.539643,0.001281755,0.8654715
2.554904,0.001317519,0.9223848
2.589394,0.00134499,1.017603
2.606112,0.001358324,1.627145
2.623064,0.001448281,2.333304
2.636621,0.001299207,2.525612
2.652835,0.001288348,2.616213
2.669091,0.001287463,2.377017
2.685303,0.001170877,2.248553
2.700182,0.001254746,2.240968
2.713036,0.001254746,2.240968
2.724437,0.001254746,2.240968
2.73986,0.001254746,2.240968
2.75579,0.001618132,2.301803
2.7885,0.001711225,2.224048
2.808019,0.001897608,1.924171
2.823549,0.002285715,1.588439
2.837693,0.002310258,1.544717
2.853858,0.002310258,1.544717
2.872935,0.002345948,1.568977
2.889214,0.002370766,1.567355
2.904642,0.002596329,1.330015
2.917222,0.002657642,1.20788
2.930014,0.00282748,1.097892
2.943127,0.003771032,0.8538629
2.959198,0.00316788,0.6180231
2.99315,0.003528718,0.4554249
3.011105,0.002868962,0.2654082
3.027545,0.002882086,0.3861367
3.044302,0.00288173,0.2017412
3.060086,0.002931712,0.2486604
3.076207,0.002810202,0.2148914
3.0935,0.002810202,0.2148914
3.112957,0.002846905,0.2065338
3.128975,0.002846905,0.2065338
3.145092,0.0027606,0.1519511
3.161895,0.00297912,0.1101434
3.181654,0.002693614,0.1958353
3.198426,0.003539351,0.3262592
3.214875,0.003573725,0.4554249
3.229971,0.003723856,0.5241405
3.245983,0.003681004,0.5706123
3.263096,0.004164346,0.6596788
3.27957,0.00421062,0.5861744
3.296473,0.004255111,0.628073
3.314066,0.004139323,0.6926687
3.33038,0.003989201,0.7308815
3.345078,0.004188738,0.7295417
3.359198,0.00407283,0.7765731
3.372597,0.003916765,0.7977034
3.406901,0.003513627,0.7195491
3.425449,0.003444502,0.6071628
3.437433,0.003444502,0.6071628
3.450605,0.003444502,0.6071628
3.465425,0.003444502,0.6071628
3.481885,0.003325108,0.598071
3.499475,0.003231221,0.6243232
3.516715,0.003138578,0.6483091
3.530262,0.003138578,0.6483091
3.541471,0.003138578,0.6483091
3.55597,0.003013612,0.6693957
3.574367,0.002377666,0.8625273
3.63867,0.0008746059,1.258344
3.652961,0.0008540323,1.368021
3.66835,0.001129337,1.408477
3.682179,0.001094122,1.396617
3.694279,0.001039802,1.41513
3.709364,0.0009681713,1.413885
3.725691,0.0009630669,1.459917
3.742519,0.0009289818,1.592253
3.758433,0.0009463169,1.713265
3.77422,0.0008336666,1.794824
3.789828,0.0007396099,1.846526
3.808717,0.0007396099,1.846526
3.821945,0.0007396099,1.846526
3.834115,0.0007396099,1.846526
3.846185,0.0007079397,1.904851
3.860993,0.0007085899,1.912643
3.877324,0.0007095719,1.96931
3.894098,0.000718381,2.053094
3.910519,0.0007427004,2.144936
3.926654,0.000809908,2.50546
3.942585,0.0007072087,2.455909
3.95801,0.0007319865,2.460447
3.972645,0.0007324009,2.446806
3.987639,0.0007056473,2.492065
4.007382,0.001054651,2.502724
4.035725,0.001237244,2.617559
4.05709,0.001223519,2.6921
4.073065,0.001289853,2.766615
4.088182,0.001150767,2.861292
4.106279,0.001032462,2.809583
4.124858,0.001068794,2.813621
4.13844,0.001068794,2.813621
4.155455,0.001124763,2.836418
4.171981,0.001124763,2.836418
4.185076,0.001124763,2.836418
4.197336,0.001124763,2.836418
4.213524,0.0009148757,2.87535
4.241123,0.001155362,3.094906
4.25842,0.001599481,3.304761
4.275322,0.001482054,3.696181
4.29194,0.001361044,3.573469
4.308314,0.001105709,3.612921
4.326286,0.00113073,3.659446
4.346479,0.0008555094,3.80992
4.361778,0.0008621968,3.724889
4.377308,0.0007814575,3.753011
4.39332,0.0006322054,3.840736
4.410417,0.0005669653,3.87717
4.42665,0.0003963845,3.972368
4.44593,0.000371092,4.093521
4.46226,0.0002588367,3.987965
4.479047,0.0004537452,4.201651
4.496654,0.0005333896,4.355816
4.512336,0.0006881834,4.286057
4.528362,0.0009790448,4.464273
4.544186,0.0008647561,4.541915
4.562479,0.0008647561,4.541915
4.577744,0.0008983643,4.525065
4.592686,0.0008103712,4.605726
4.615958,0.000715279,4.669338
4.634175,0.0004660487,4.808316
4.667061,0.0003682781,4.840153
4.685266,0.0007303077,4.73073
4.701557,0.0008213386,4.732345
4.71804,0.001150231,4.89825
4.73423,0.001237922,4.942843
4.750395,0.001418431,5.025507
4.763291,0.00141953,4.984916
4.775712,0.00141953,4.984916
4.788093,0.00141953,4.984916
4.80195,0.001553259,5.09193
4.818415,0.001550436,5.024338
4.834765,0.001535847,5.113126
4.85557,0.001687757,5.07501
4.872321,0.001739815,5.182928
4.88853,0.00159437,5.240525
4.906278,0.00159437,5.240525
4.921543,0.00157157,5.254752
4.937512,0.001688661,5.289465
4.952427,0.001765148,5.272397
4.964124,0.001765148,5.272397
4.977761,0.002085207,5.298645
4.992112,0.002014267,5.229146
5.007395,0.002387256,5.420903
5.024743,0.002386764,5.456107
5.041577,0.002491612,5.567536
5.0745,0.003168708,5.704098
5.091181,0.004007329,5.987463
5.134795,0.0040872,6.02633
5.149609,0.004453542,6.082088
5.160237,0.004619261,6.026297
5.17589,0.0049543,6.163193
5.191619,0.005042762,6.298433
5.208732,0.005146078,6.333883
5.22625,0.005318399,6.356009
5.24292,0.005436928,6.355392
5.259949,0.005619782,6.38755
5.276134,0.005573032,6.332985
5.292748,0.005673769,6.434742
5.308556,0.005673769,6.434742
5.32172,0.005673769,6.434742
5.334903,0.005660861,6.496126
5.353987,0.005587018,6.638617
5.369562,0.005614643,6.645939
5.382994,0.005761106,6.703819
5.395961,0.005552336,6.638587
5.411057,0.005552336,6.638587
5.426932,0.005222145,6.714635
5.442629,0.005222145,6.714635
5.455394,0.005035779,6.734118
5.485673,0.005229972,6.849569
5.502453,0.005066096,6.959451
5.515873,0.004951223,7.042778
5.530333,0.004793202,7.250252
5.546551,0.004530758,7.141717
5.562651,0.004441217,7.078839
5.58055,0.004349985,7.140123
5.598014,0.004207291,7.214825
5.6165,0.004257092,7.406236
5.637953,0.004206805,7.312281
5.652473,0.004206805,7.312281
5.668606,0.004260306,7.356368
5.688215,0.004229533,7.34983
5.704327,0.004372549,7.373312
5.721186,0.004389906,7.457721
5.735318,0.004467841,7.476431
5.751944,0.004632179,7.687608
5.769212,0.005078544,7.798403
5.787091,0.005029636,7.989031
5.804042,0.00499845,8.091434
5.822725,0.005031138,8.155767
5.840216,0.005136987,8.205735
5.856426,0.00523041,8.311913
5.873423,0.005273293,8.403076
5.907373,0.005217886,8.53916
5.930388,0.005367884,8.700846
5.947198,0.005394746,8.777358
5.960859,0.005442088,8.826859
5.976916,0.00545106,8.866652
5.992698,0.005502369,8.959054
6.008917,0.005502369,8.959054
6.02503,0.00551343,8.947336
6.041419,0.005572296,9.011271
6.055161,0.005572296,9.011271
6.067617,0.005622793,9.054688
6.08014,0.005622793,9.054688
6.102604,0.005650828,8.989135
6.116939,0.005722524,9.071815
6.129309,0.005767585,9.21917
6.149653,0.005813742,9.41701
6.171081,0.00597911,9.481496
6.186231,0.006099918,9.752276
6.203431,0.006199087,9.47878
6.21784,0.006284646,9.634965
6.233616,0.006454854,9.509111
6.250127,0.006594788,9.54592
6.26622,0.006934541,9.752316
6.283813,0.006980933,9.723181
6.305396,0.00703398,9.752276
6.320872,0.00716081,9.760398
6.337729,0.0074284,9.961506
6.354206,0.007274243,9.821088
6.371255,0.007344905,9.834193
6.386549,0.007351463,9.799823
6.403255,0.00739934,9.866194
6.41949,0.00739934,9.866194
6.437394,0.007616908,9.912724
6.453679,0.007700035,9.950424
6.470712,0.007622479,9.952065
6.485488,0.007696761,9.926898
6.50656,0.007832767,9.966795
6.522145,0.007883461,10.0498
6.538949,0.007850247,10.04898
6.555227,0.00791053,10.08432
6.571379,0.008005644,10.25758
6.603568,0.008446097,10.29669
6.624366,0.008646269,10.28763
6.640065,0.008719265,10.27192
6.658643,0.008689205,10.26449
6.677541,0.0086174,10.31691
6.689837,0.0086174,10.31691
6.707953,0.0086174,10.31691
6.723534,0.008684082,10.38097
6.738559,0.008692673,10.33245
6.754977,0.008692673,10.33245
6.76997,0.008692673,10.33245
6.781528,0.008669142,10.27422
6.793661,0.008669142,10.27422
6.807258,0.008694822,10.1691
6.823007,0.008775582,10.20818
6.839835,0.009070177,10.26334
6.855979,0.009184911,10.36215
6.871066,0.009049261,10.15245
6.884097,0.00923878,10.20355
6.901177,0.009633941,10.53074
6.927534,0.009855955,10.37236
6.943666,0.009971435,10.26445
6.960095,0.009932466,10.23185
6.983719,0.01025361,10.39733
6.997921,0.0103597,10.48169
7.011384,0.01054193,10.64239
7.028506,0.0107868,10.81245
7.045435,0.01072429,10.63763
7.060561,0.01077529,10.54744
7.077314,0.01104179,10.7238
7.093553,0.01118413,10.63514
7.110794,0.01118413,10.63514
7.130949,0.01116057,10.55548
7.147078,0.01116057,10.55548
7.167087,0.0113983,10.6549
7.186814,0.01156447,10.70554
7.202599,0.01184611,10.80327
7.225419,0.01252328,10.99551
7.242608,0.01282865,11.12921
7.259264,0.01329813,11.06566
7.272458,0.0135125,11.17103
7.287143,0.01339901,11.04215
7.304087,0.01350014,10.97418
7.319726,0.01386298,11.32617
7.337421,0.01386298,11.32617
7.354239,0.01402009,11.42277
7.371186,0.01386788,11.32446
7.387312,0.01410511,11.36798
7.40414,0.01436399,11.45913
7.420506,0.0145813,11.77319
7.43661,0.01467107,11.83212
7.451925,0.01478781,11.9548
7.466612,0.01504623,12.22555
7.479167,0.01504623,12.22555
7.491422,0.01497817,12.23021
7.506115,0.01497817,12.23021
7.521257,0.01509182,12.33464
7.561709,0.01590646,12.97966
7.579108,0.01454224,12.41989
7.592982,0.01454719,12.50495
7.606668,0.01496135,13.01951
7.631831,0.01545456,13.68936
7.651211,0.01551085,13.82611
7.665459,0.01579334,14.19492
