New Try
New Try
New Try
New Try
New Try
New Try
New Try
New Try
New Try
1.455398,0.005659947,11.46171
1.468375,0.005903999,11.18622
1.486855,0.006531733,11.11868
1.506104,0.007208848,10.92867
1.530756,0.007895186,10.88237
1.553441,0.008812923,10.68185
1.569597,0.009101383,10.54926
1.59966,0.009852597,9.979001
1.618377,0.01013086,9.777326
1.637398,0.01027426,9.730863
1.653784,0.01034856,9.553042
1.671509,0.01039186,9.490986
1.689837,0.01045725,9.243927
1.706948,0.01047213,9.212303
1.724506,0.01044814,9.227032
1.742803,0.01035653,9.174875
1.762148,0.01024856,9.191823
1.77976,0.0101491,9.006538
1.799674,0.01007156,8.825746
1.818181,0.01002255,8.697707
1.842597,0.01001274,8.613267
1.868515,0.01006959,8.509485
1.894662,0.01015316,8.527399
1.915763,0.01023596,8.487601
1.933949,0.01030623,8.446083
1.952809,0.01036065,8.292447
1.970301,0.01044232,8.253738
1.990261,0.01048134,8.182446
2.010506,0.01056482,8.010748
2.026517,0.01061747,7.834487
2.04568,0.0106578,7.798629
2.062669,0.01067862,7.828748
2.082271,0.01076556,7.665852
2.100569,0.01078326,7.711365
2.118874,0.010791,7.485455
2.138037,0.01080022,7.400565
2.159365,0.01081199,7.144683
2.181089,0.01080481,6.883873
2.216228,0.01071802,6.505296
2.236946,0.01063249,6.259683
2.257323,0.0105564,6.021872
2.27772,0.01049306,5.772717
2.293527,0.01040606,5.695295
2.31303,0.0103105,5.623924
2.325565,0.01027386,5.512245
2.340115,0.0102075,5.457939
2.356291,0.01018419,5.518995
2.373847,0.01011638,5.480476
2.394215,0.01003267,5.284647
2.411694,0.00995046,5.093045
2.431145,0.009908551,4.999241
2.450531,0.009813379,4.807664
2.472353,0.009601266,4.550877
2.496806,0.009481031,4.376272
2.51513,0.009384154,4.188065
2.538013,0.009258275,4.000908
2.555631,0.009084399,3.82454
2.576086,0.008883333,3.652376
2.59315,0.008775716,3.565516
2.610359,0.008595222,3.400818
2.628549,0.008397768,3.228951
2.646708,0.008272391,3.139433
2.665636,0.007991469,3.145601
2.684367,0.007653747,2.990354
2.703292,0.007347885,3.011944
2.721518,0.007072749,2.861292
2.739678,0.006922306,2.788393
2.757915,0.006623253,2.808677
2.773019,0.006331124,2.685475
2.791623,0.006027158,2.724192
2.808424,0.005897958,2.668658
2.823853,0.005645688,2.556041
2.840754,0.005537803,2.499359
2.858694,0.005358099,2.396207
2.877461,0.005204887,2.303163
2.895702,0.005075894,2.223344
2.91344,0.005033017,2.186059
2.931186,0.004947488,2.118679
2.949836,0.004864405,2.202471
2.968024,0.004789313,2.2885
2.986456,0.004766902,2.258974
3.007378,0.004718836,2.302823
3.026657,0.004714566,2.274344
3.046995,0.004695225,2.34702
3.064632,0.004699304,2.299931
3.085476,0.00472464,2.382856
3.103973,0.004761006,2.345435
3.122974,0.004773491,2.427774
3.139437,0.004773059,2.521269
3.158312,0.004749155,2.722899
3.177176,0.0047825,2.802258
3.195245,0.004886104,2.884798
3.213439,0.004953302,2.865325
3.234679,0.005086971,2.946366
3.254001,0.005166186,2.916315
3.270813,0.005227321,3.110113
3.298281,0.00542547,3.298178
3.315156,0.005501142,3.39886
3.335324,0.005639926,3.606683
3.352632,0.005737956,3.945609
3.388631,0.005906162,4.147512
3.406627,0.006022111,4.232719
3.425312,0.006141645,4.32119
3.440721,0.001662061,16.40401
3.456901,0.001775894,15.58797
3.47097,0.00185328,15.20689
3.490775,0.002000589,14.42822
3.512362,0.002142161,13.69668
3.527164,0.00221036,12.87502
3.562197,0.00225547,11.45393
3.586703,0.002212159,9.986343
3.609607,0.002137013,9.074242
3.629734,0.002015851,8.075607
3.652715,0.001885567,7.156273
3.668099,0.001820505,6.71492
3.683545,0.001663323,5.867241
3.704506,0.001479317,5.125618
3.719723,0.001386087,4.814743
3.738376,0.001194321,4.157127
3.755805,0.001105882,3.892403
3.774755,0.0008714497,3.328835
3.793501,0.0005881377,2.938362
3.811636,0.0003034994,2.588303
3.83076,3.521889E-05,2.23613
3.849786,0.000110548,2.064232
3.870314,0.0005431846,1.643066
3.89239,0.0008182451,1.451607
3.915543,0.001055926,1.313797
3.932672,0.00127326,1.159042
3.953412,0.001439903,0.698349
3.970634,0.001504809,0.9596405
3.987416,0.001591437,1.173317
4.007195,0.001655787,1.40107
4.027901,0.001704343,1.275383
4.045714,0.001721866,1.518791
4.066237,0.001718748,1.692093
4.08473,0.001670461,1.848534
4.103473,0.00162993,2.31694
4.122782,0.001628339,2.746063
4.14294,0.001627147,2.949837
4.158897,0.001584318,2.668625
4.174377,0.001535814,2.319298
4.187655,0.001513403,2.120026
4.2021,0.001507863,1.941963
4.21868,0.001514986,1.626366
4.237473,0.001517169,1.920944
4.257133,0.001481522,2.141045
4.278347,0.001455721,1.71106
4.297703,0.001456227,1.26487
4.315524,0.001454674,1.095398
4.337341,0.001473069,0.7940521
4.3564,0.001461789,0.8925552
4.374757,0.001420561,0.4882431
4.393743,0.001385275,0.08011627
4.411473,0.001377635,0.08230591
4.428165,0.001359813,0.4267502
4.446503,0.001332413,0.4623413
4.464773,0.001307432,0.6646957
4.482957,0.001267377,1.020554
4.503745,0.001229696,1.408028
4.523805,0.001196213,1.788315
4.547784,0.001071475,2.327332
4.584878,0.000996761,2.788864
4.602986,0.0009225346,3.169563
4.620135,0.0008594207,2.933395
4.638559,0.0008215457,2.807861
4.657383,0.000758972,2.5224
4.676392,0.0006818324,2.562401
4.69335,0.0006302148,2.761238
4.712749,0.0005267002,3.097946
4.731146,0.0004434884,3.06282
4.751265,0.0003989674,2.667381
4.770694,0.0003568307,2.599602
4.789726,0.0002933331,2.551559
4.808468,0.0002549291,2.77066
4.824633,0.0002547354,2.895454
4.840768,0.0002935082,3.06076
4.85563,0.0003207922,2.8619
4.873524,0.0003594868,2.721039
4.888792,0.0003980398,2.02037
4.905995,0.0004180856,1.844048
4.922999,0.0004709959,1.753716
4.941543,0.0004982613,1.90197
4.962591,0.0006281063,1.650276
4.979342,0.0006824806,1.805183
4.997787,0.0007705502,1.459702
5.015508,0.0008434094,1.141815
5.035492,0.0008742847,0.979744
5.055142,0.0008952282,1.019928
5.074211,0.0009171516,1.014336
5.095611,0.0009484552,1.038757
5.114833,0.0009640902,1.018166
5.133235,0.0009561367,0.6507797
5.150826,0.0009419471,0.6240387
5.175236,0.0009398758,0.5958252
5.194547,0.0009117573,0.2031708
5.211393,0.0008976907,0.04695129
5.228813,0.000863947,0.001167297
5.246777,0.0008279309,0.02524567
5.265601,0.0007896796,0.03829193
5.281188,0.0007795542,0.09767151
5.29433,0.000755284,0.08070374
5.315868,0.0007255971,0.283989
5.33692,0.0007159933,0.3007965
5.363564,0.0007101037,0.6382675
5.38712,0.0007019602,0.9294357
5.406567,0.0007042885,0.6048431
5.424434,0.0007193238,0.1912689
5.442893,0.0007429197,0.1422501
5.460066,0.0007496141,0.01108551
5.479699,0.0007738695,0.3086014
5.498779,0.0008074045,0.6127243
5.515648,0.0008685179,0.8879318
5.532039,0.0009290315,0.8829193
5.54847,0.0009718239,0.6630478
5.56441,0.001058456,1.031113
5.603128,0.001206618,1.099998
5.620573,0.001313534,1.020302
5.638209,0.001414459,1.008118
5.655742,0.001533523,0.9389191
5.674573,0.001636352,0.5211792
5.69307,0.001686409,0.6161118
5.713194,0.001776505,0.589592
5.745895,0.001914121,0.7219391
5.765289,0.001979567,0.3769913
5.787724,0.001990106,0.08822632
5.804085,0.001974005,0.488533
5.81903,0.001960475,0.6389084
5.833473,0.001944713,0.6878738
5.851355,0.001936037,0.5300522
5.869695,0.001901008,0.6638947
5.886894,0.001843043,0.7206879
5.905237,0.001818202,0.6504135
5.924603,0.001770001,0.6942444
5.942831,0.001728565,0.7806625
5.962169,0.001689278,0.580368
5.98144,0.001649696,0.7484512
6.00411,0.00157826,1.430237
6.021683,0.001543544,1.337624
6.041145,0.001488801,1.849831
6.062304,0.001443572,1.94603
6.07952,0.001416542,1.603195
6.099297,0.001384027,1.588745
6.120715,0.001345571,1.633415
6.135782,0.001313817,1.855888
6.153465,0.001275897,2.255402
6.171989,0.001246829,2.745872
6.191548,0.001235943,2.866341
6.212829,0.001235399,2.722771
6.230499,0.001220405,2.837608
6.256795,0.001226339,2.879196
6.273297,0.001226652,2.781937
6.2891,0.001228325,2.68251
6.310781,0.001223743,2.666466
6.32841,0.001210023,2.52475
6.346106,0.001202699,2.552269
6.364421,0.001201205,2.582901
6.381866,0.001190431,2.66996
6.401507,0.001132056,2.689323
6.429154,0.001062501,2.970612
6.445316,0.0009973124,2.990196
6.464468,0.0009457693,3.276398
6.482608,0.0008851551,3.269478
6.501007,0.000853315,3.040794
6.51908,0.0007865466,3.204964
6.533082,0.0007186458,3.34919
6.548806,0.0006784983,3.109825
6.564168,0.0005648099,3.16954
6.582163,0.0004373193,2.888756
6.601016,0.000313703,2.556854
6.624963,0.0002116114,2.544769
6.658699,3.745034E-05,1.766426
6.677369,7.200241E-05,1.303558
6.694846,0.0001682863,0.5629044
6.712345,0.0002096631,0.1921005
6.731732,0.0002896972,0.3443832
6.750257,0.0002947971,0.8582687
6.768394,0.0002711564,1.680923
6.786498,0.0002322383,1.733734
6.806453,6.946176E-05,2.630013
6.824656,1.043826E-05,3.014572
6.843915,0.0002067722,3.497665
6.870699,0.0005717538,4.246307
6.885244,0.0008455366,4.923782
6.906565,0.001159094,5.250786
6.951265,0.002116043,5.955833
6.966816,0.002316549,5.841675
6.982936,0.002690196,5.880745
7.001974,0.003087867,5.525688
7.021132,0.003284961,5.348953
7.037411,0.003659796,4.896301
7.057336,0.003993426,4.4132
7.077985,0.004299939,3.945526
7.095131,0.004437707,3.694008
7.112549,0.004692588,3.47612
7.134922,0.004984565,3.004585
7.154397,0.005057748,2.729958
7.171524,0.005144991,2.158783
7.19108,0.005180623,1.52372
7.208795,0.005173419,0.9058914
7.229236,0.00516025,0.273468
7.250282,0.005075615,0.3160782
7.271595,0.004939649,1.250908
7.298745,0.004745573,2.396667
7.320636,0.004648361,2.571327
7.344728,0.004534159,2.719208
7.364028,0.004474517,2.934502
7.384456,0.0042991,3.55394
7.403286,0.004192133,3.926285
7.420555,0.004132796,4.107018
7.437598,0.004000712,4.435379
7.456305,0.003863007,4.71035
7.477558,0.003733676,4.381546
7.501154,0.003607299,4.688568
7.522724,0.003459755,4.964523
7.543908,0.003309187,4.910728
7.562586,0.003170047,4.862061
7.582717,0.00300619,5.476822
7.605012,0.002821557,5.797691
7.623736,0.00264072,6.092094
7.644999,0.002482504,6.338799
7.663776,0.002313815,5.910172
7.683079,0.002137706,5.545692
7.702899,0.001943607,5.520699
7.720096,0.001826987,5.64846
7.738207,0.001545366,5.965988
7.758603,0.001216829,5.888596
7.773193,0.0008797459,5.830772
7.793855,0.0005485006,5.428452
7.810203,0.0003751852,5.230606
7.828638,8.307397E-06,5.447151
7.843777,0.0003911667,5.640083
7.86102,0.00058477,6.118484
7.876758,0.0009646416,5.899521
7.89629,0.001317278,5.67421
7.915486,0.001694832,5.019798
7.932365,0.001889721,4.998291
7.951369,0.002249964,4.970299
7.969559,0.002605651,5.181908
7.98846,0.002764679,5.444153
8.006937,0.003081024,5.218155
8.025565,0.003333263,4.634048
8.043954,0.003548495,4.361343
8.062561,0.003651224,4.228607
8.080754,0.003826093,4.003357
8.100441,0.00397101,4.101685
8.124698,0.004273117,3.234322
8.162812,0.004321381,3.132027
8.181347,0.00441505,3.359367
8.200518,0.004520182,4.035019
8.221346,0.004610211,4.717133
8.238829,0.004641924,5.039101
8.257388,0.00469166,4.75502
8.277286,0.00473395,4.60405
8.29562,0.004808668,4.9272
8.314744,0.004875414,5.669243
8.335199,0.004910506,6.413635
8.354796,0.004920833,6.616814
8.371508,0.004939184,6.383789
8.390624,0.004950918,6.215179
8.406344,0.004990727,6.75573
8.42135,0.005019389,7.020546
8.438396,0.00506321,7.863113
8.454685,0.005079124,7.73838
8.473116,0.005103055,7.859612
8.490089,0.005123083,7.978882
8.509488,0.005136732,7.878876
8.527997,0.005158484,8.323158
8.549421,0.005184434,8.386703
8.567261,0.005203959,8.420395
8.585765,0.005221169,8.762032
8.604246,0.005257607,8.3591
8.624474,0.005275484,8.492409
8.641446,0.005304899,8.377174
8.659944,0.005325798,8.227577
8.680264,0.00534768,8.020821
8.698936,0.005369514,7.407768
8.71856,0.005378246,6.793976
8.740216,0.005389851,6.491112
8.760006,0.005390991,6.19738
8.776812,0.005395081,5.851746
8.79458,0.00540762,5.480858
8.813069,0.005399521,5.06694
8.831698,0.005382467,4.320854
8.850571,0.005357843,3.883263
8.868844,0.005357884,3.127693
8.885982,0.005342714,3.068108
8.905432,0.005317908,2.624657
8.922677,0.005238976,1.82766
8.938251,0.005160183,1.360977
8.959797,0.005093459,1.277596
8.982864,0.005045753,1.231392
8.999314,0.004992161,1.179306
9.017187,0.004949193,0.8173599
9.033135,0.004866045,0.459877
9.049638,0.004796591,0.4673386
9.070309,0.004741479,0.8683319
9.08677,0.004708424,1.227516
9.102907,0.004631128,1.302864
9.12384,0.004533369,1.293533
9.141288,0.004483595,1.316887
9.160054,0.004377622,2.097496
9.186698,0.004231863,2.685501
9.202197,0.004191205,2.808296
9.218207,0.004130647,3.44342
9.240924,0.004136074,4.536331
9.260557,0.004183475,5.691605
9.276546,0.004206099,6.267136
9.309731,0.004279483,6.622307
9.33054,0.004393727,7.739792
9.352266,0.004521776,8.954239
9.369179,0.004579227,8.867386
9.391746,0.004711375,9.224594
9.410837,0.004771326,9.287323
9.432684,0.004816934,9.309593
9.44883,0.004832949,9.144066
9.463984,0.00481347,9.092163
9.485503,0.004774701,9.229088
9.503596,0.004658099,9.083733
9.519609,0.004493572,8.84211
9.535454,0.004388638,8.495522
9.556045,0.004179489,8.426498
9.574512,0.003901344,8.318886
9.595354,0.003596935,8.240318
9.612778,0.003266335,7.786156
9.631777,0.003097676,7.733406
9.651536,0.002729766,7.565407
9.671,0.002373368,7.379478
9.692482,0.001995809,6.820793
9.70955,0.001634706,6.524139
9.727276,0.001283485,6.151917
9.745326,0.001122426,5.932411
9.764589,0.0008166432,5.541801
9.783548,0.0004900619,5.122894
9.805189,0.0001456887,5.039635
9.823042,0.0001768284,4.711487
9.839952,0.0003179722,4.578911
9.858356,0.0005473532,4.763855
9.878563,0.0008044429,5.013206
9.896102,0.001099557,5.385696
9.914001,0.001374163,5.531013
9.937726,0.001669623,6.151512
9.959732,0.002049606,6.620186
9.979796,0.002502434,7.193916
9.998716,0.002959613,7.158653
10.01854,0.003407244,7.861481
10.03595,0.003897272,8.985222
10.05191,0.004141085,9.396835
10.0723,0.004667807,9.897156
10.08857,0.005149685,10.39646
10.10719,0.005383074,10.79908
10.12312,0.005792305,11.28233
10.14209,0.005987328,11.99238
10.16076,0.006363802,12.72646
10.17903,0.006737225,13.38396
10.20147,0.007077955,13.69539
10.22128,0.007354613,14.38216
10.23985,0.007557843,15.39329
10.25712,0.007717889,16.00031
10.27473,0.007807475,16.279
10.29289,0.007966444,16.79765
10.31091,0.008093953,17.38473
10.32911,0.008128561,17.70434
10.34565,0.008181538,18.31815
10.36309,0.008227821,18.90678
10.37835,0.008247338,18.83521
10.39488,0.008260403,19.46341
10.41716,0.008227021,19.74508
10.43577,0.008213028,20.00584
10.45213,0.008210622,19.94769
10.48587,0.008145213,20.41897
10.50386,0.008120008,20.36319
10.52248,0.008077834,20.58118
10.54156,0.008051079,20.43929
10.56016,0.008063294,20.24823
10.57696,0.008081123,20.1367
10.59596,0.0081206,20.2177
10.61497,0.00814129,19.99381
10.63779,0.00815421,19.68867
10.66373,0.008215051,18.97833
10.68206,0.008261651,18.42948
10.70104,0.008282989,18.12791
10.71977,0.008284893,17.75124
10.73558,0.008283719,16.9957
10.75599,0.008264992,16.52696
10.77437,0.00825163,16.10398
10.79258,0.008214854,15.56439
10.80877,0.008170072,15.27848
10.82658,0.008141957,14.7402
10.84526,0.008062363,14.02452
10.86475,0.007968802,13.28049
10.88257,0.007914532,12.15878
10.90225,0.007891621,11.3078
10.92157,0.007876292,10.70222
10.93978,0.007823087,10.18732
10.95777,0.007777676,9.348625
10.97349,0.007825084,8.419174
10.98829,0.007871155,7.768356
11.00995,0.007988516,6.573326
11.02564,0.008099683,5.32299
11.0414,0.008159135,5.021706
11.05808,0.008223027,4.45385
11.0791,0.008466728,3.176682
11.09529,0.008665521,2.297737
11.11137,0.008770254,1.706802
11.1297,0.008969169,1.254433
11.15173,0.009140909,0.895607
11.17266,0.009292737,0.08885956
11.19164,0.009437107,0.5638657
11.20901,0.009492315,0.6094589
11.22898,0.009578504,0.6838684
11.24852,0.009613935,0.6926422
11.26664,0.009608407,0.8860245
11.2861,0.00957074,0.7917786
11.30404,0.009475183,1.034088
11.3249,0.009337854,0.9516678
11.34194,0.009253874,1.236076
11.35938,0.009064835,0.7751923
11.37605,0.008943353,0.7450943
11.39447,0.008703936,0.5991592
11.41278,0.008434985,0.5198746
11.4333,0.008179612,0.1654434
11.4528,0.007951304,0.09054565
11.47027,0.007850606,0.146698
11.49209,0.007680882,0.1409454
11.51324,0.007487155,0.1176147
11.53115,0.007448256,0.4739075
11.54952,0.00740834,0.6931
11.56844,0.00745818,0.9065628
11.58508,0.007521808,0.8361511
11.60427,0.007668283,0.663147
11.62105,0.0078048,0.7938995
11.65609,0.008037113,0.7429199
11.67611,0.008166429,0.4807739
11.70017,0.008291144,0.1858139
11.72057,0.008449469,0.3257523
11.74873,0.008828077,0.8285294
11.77141,0.008914486,1.337479
11.78861,0.009054102,1.84623
11.80277,0.009129427,2.260025
11.81931,0.009298321,2.839043
11.8376,0.009518575,3.471878
11.85479,0.009639248,3.932587
11.87248,0.00991036,4.999001
11.89081,0.01005216,5.535309
11.91093,0.0103972,7.189301
11.93088,0.01060862,8.401321
11.95004,0.01070007,8.970039
11.97262,0.01086752,10.61935
11.99336,0.01086685,11.51747
12.01597,0.01081124,12.49391
12.03295,0.01072752,13.31417
12.05198,0.01059351,14.20177
12.06798,0.01052154,14.60052
12.08405,0.01045592,15.02043
12.10325,0.01033419,15.8699
12.1232,0.01016147,17.08115
12.14022,0.01011203,17.4858
12.15743,0.02972165,9.768634
12.17553,0.009993967,18.72286
12.19546,0.02985749,9.656467
12.21571,0.02994441,9.25111
12.23601,0.02999253,9.209977
12.25698,0.03009797,9.113049
12.27693,0.03023096,9.011512
12.30081,0.0303424,9.231929
12.31673,0.03041243,9.122272
12.33666,0.03045588,9.38207
12.36075,0.03047975,9.281502
12.381,0.03054755,9.18331
12.3981,0.0306227,9.094097
12.41464,0.030637,9.079436
12.43482,0.03059159,9.052561
12.45468,0.03052772,9.077444
12.47394,0.03049907,9.093017
12.49618,0.03054937,9.152617
12.51141,0.03062342,9.223048
12.52918,0.03066861,9.241673
12.5509,0.03090844,9.676581
12.56855,0.03101402,9.698541
12.58673,0.03120879,9.746852
12.60455,0.03140656,9.793098
12.62344,0.03151027,9.762071
12.64223,0.03177308,9.813898
12.66157,0.03203346,9.810812
12.6805,0.03228443,9.762936
12.69952,0.03242059,9.479091
12.71919,0.03272143,9.425105
12.73846,0.03303331,9.187353
12.76607,0.03344562,9.237398
12.7849,0.0336929,9.008175
12.80523,0.03397575,8.792452
12.82308,0.03431093,8.88082
12.85706,0.03477124,8.5743
12.8751,0.03491691,8.619171
12.89331,0.0351929,8.343744
12.90729,0.03551466,8.169526
12.92207,0.03566932,7.946508
12.93929,0.03603693,7.783741
12.96729,0.03667611,7.689701
12.98875,0.03688483,7.499126
13.00928,0.03729555,7.253661
13.02483,0.03769001,6.936584
13.04106,0.03809616,7.075624
13.06357,0.03852893,7.141415
13.08058,0.03874943,6.892132
13.09433,0.03913636,7.185834
13.10922,0.03933893,6.944328
13.12665,0.03972115,6.953812
13.14509,0.03991177,7.032074
13.16458,0.04020415,6.897992
13.18236,0.04046324,6.774594
13.20203,0.04073406,6.800946
13.22172,0.04095478,6.830902
13.23925,0.04102577,6.770396
13.26014,0.04110104,7.075097
13.28157,0.04113383,6.984828
13.30043,0.041147,7.092322
13.31741,0.0411083,7.017889
13.33695,0.04101988,6.961283
13.35431,0.04098973,7.061859
13.37326,0.04099289,7.039016
13.39114,0.04099638,6.991986
13.40909,0.04097489,6.944639
13.42816,0.04095368,6.897707
13.44748,0.04096665,6.848079
13.4684,0.04097565,6.821564
13.48646,0.04097478,6.76773
13.505,0.04095109,6.715453
13.52413,0.04093543,6.509635
13.54301,0.04092519,6.590588
13.56202,0.04088862,6.517403
13.58348,0.04086443,6.443451
13.60306,0.04089201,6.571547
13.62024,0.04100508,6.671621
13.63753,0.04117307,6.780498
13.65681,0.04137274,6.690144
13.67494,0.04146846,6.862099
13.69247,0.04172766,6.773233
13.71154,0.04204234,7.146468
13.72824,0.04232647,7.064914
13.74425,0.04245922,7.025599
13.76852,0.04283048,7.168121
13.79258,0.04310682,7.357701
13.8115,0.04321524,7.69562
13.83486,0.0434449,7.971394
13.85669,0.04354616,8.009744
13.87449,0.0436531,8.225786
13.89132,0.04369378,8.573018
13.90835,0.04372174,8.894901
13.92714,0.04373268,9.134435
13.94678,0.04378462,9.375803
13.96534,0.043824,9.645345
13.98484,0.04385678,10.19848
14.00394,0.0438108,10.45948
14.039,0.01619205,16.61205
14.05473,0.01602404,16.31351
14.07133,0.01581587,16.11449
14.08553,0.01573226,15.86829
14.10256,0.01558873,15.45641
14.11918,0.01552669,15.21127
14.13631,0.01537759,14.89725
14.15407,0.01519352,14.64338
14.17332,0.04350291,13.15663
14.19267,0.01490236,14.19247
14.21609,0.0146626,13.71952
14.23262,0.01459176,13.78474
14.25171,0.0144031,13.64461
14.27101,0.01421739,13.25168
14.28944,0.01404243,12.94028
14.30735,0.01395315,12.82493
14.32587,0.01376705,12.86443
14.34447,0.01354216,12.91213
14.36316,0.01343379,12.85059
14.38274,0.01320614,12.68343
14.40073,0.01299243,12.73501
14.4206,0.01276857,12.79123
14.43803,0.01249573,12.62492
14.45705,0.01218043,12.6966
14.47626,0.0120173,12.80429
14.49543,0.01167389,12.78683
14.51404,0.01136751,12.73019
14.53286,0.01104306,12.66277
14.55299,0.01072761,12.55051
14.5729,0.01044488,12.40044
14.59117,0.01017899,12.2429
14.6096,0.01004668,12.06136
14.62988,0.009757649,12.09534
14.649,0.009524219,11.90881
14.66878,0.009340119,11.68745
14.68579,0.009125348,11.48258
14.70405,0.009002,11.2743
14.72273,0.008764323,11.12527
14.74234,0.008564919,11.00111
14.76169,0.008359037,10.73869
14.78787,0.008048221,10.69408
14.81052,0.007855803,10.48359
14.83064,0.007661596,10.53952
14.84953,0.007454839,10.59467
14.86598,0.007341728,10.62674
14.88426,0.007126186,10.52613
14.90303,0.00692163,10.31747
14.92848,0.006698716,10.15299
14.94596,0.006462876,10.05931
14.9651,0.006230958,10.19487
14.98218,0.006116334,10.02932
14.99907,0.005919818,9.547478
15.01617,0.005738147,9.314156
15.03569,0.005578823,9.052307
15.05364,0.005500123,9.082909
15.07063,0.005332071,9.379402
15.089,0.00515886,9.004936
15.10546,0.00507018,8.771103
15.12336,0.004902452,8.284035
15.14135,0.004822962,8.161201
15.15981,0.004670408,7.731865
15.17789,0.004557051,7.453369
15.20907,0.004325561,6.997726
15.2332,0.004154075,6.820076
15.25527,0.003890827,6.443672
15.27425,0.003782131,6.285515
15.29548,0.003526647,5.973724
15.31771,0.003129415,5.536789
15.33548,0.003020324,5.4851
15.35514,0.002810627,5.214455
15.3739,0.002567772,4.979095
15.39522,0.002317663,4.712006
15.41542,0.00209526,4.533028
15.43282,0.001869477,4.245392
15.452,0.001620498,3.989075
15.47246,0.001489379,3.795631
15.49203,0.001217142,3.667503
15.51085,0.0009328984,3.439873
15.52657,0.0006563328,3.378456
15.542,0.0004147589,3.375923
15.56866,0.0001775585,3.689659
15.58868,8.787587E-05,3.953674
15.60614,0.0002361014,4.143547
15.62339,0.0005544499,4.722801
15.63736,0.0008526519,5.259071
15.65199,0.0009944588,5.518921
15.6687,0.001133159,5.4422
15.6864,0.001364604,5.585884
15.70326,0.001598217,6.069199
15.72146,0.001722757,6.360153
15.74075,0.001930498,6.841179
15.76084,0.002075333,7.318306
15.77941,0.002136987,7.48999
15.80105,0.002184685,7.874619
15.81833,0.002224203,8.595161
15.83688,0.002204213,8.882492
15.85504,0.002133928,8.377975
15.87554,0.002076555,7.82016
15.89656,0.002030987,7.508728
15.91394,0.001997933,7.495705
15.93066,0.001886971,7.793777
15.95202,0.001788817,7.86866
15.97269,0.0017015,8.306221
15.9963,0.001620054,8.47731
16.01273,0.001556311,8.722534
16.03054,0.001502287,8.995323
16.04851,0.001478512,9.093559
16.06746,0.001413155,9.527901
16.08537,0.001355235,9.978058
16.10404,0.0012675,10.18265
16.12227,0.001140181,10.03769
16.14036,0.001081713,9.736641
16.15904,0.001000129,9.228516
16.17721,0.000911165,9.292076
16.19554,0.0007822812,9.16391
16.21203,0.0006134808,9.107468
16.23317,0.0005415864,8.769798
16.25192,0.0004533567,8.421036
16.2727,0.0004312843,8.150772
16.29194,0.0004116334,8.576935
16.31522,0.0004160367,8.794556
16.33297,0.000519488,9.487045
16.35184,0.0006742701,9.863693
16.3687,0.0009554736,11.0851
16.40604,0.001243129,12.15398
16.42506,0.001604255,12.68174
16.44224,0.001988858,13.72971
16.4571,0.002352294,14.34639
16.47218,0.002545904,15.05117
16.48736,0.002965212,15.8255
16.51252,0.003427479,15.99597
16.53467,0.003860127,16.45473
16.554,0.004295409,16.82639
16.56964,0.004523512,17.1359
16.59096,0.005005699,17.19647
16.60875,0.00558342,17.28407
16.62412,0.006167039,17.32489
16.63871,0.006480951,17.62087
16.65653,0.007069763,17.5229
16.67444,0.007367417,17.14297
16.69221,0.007929076,16.63905
16.71053,0.008493278,16.33217
16.72945,0.008770764,16.09818
16.74989,0.009496056,15.23843
16.76848,0.009702247,14.93622
16.78725,0.01013684,14.14458
16.8049,0.01032635,13.71056
16.82902,0.01083041,12.16769
16.84973,0.011061,11.04468
16.86707,0.01119516,9.957809
16.88435,0.01123183,9.348732
16.90202,0.01126627,7.850571
16.92059,0.01130438,6.823898
16.93918,0.01129082,5.83989
16.95917,0.01120294,5.081451
16.97698,0.01115307,4.735199
16.99671,0.01107076,4.124664
17.0178,0.01098525,3.958336
17.03665,0.0108965,3.954086
17.05795,0.01078665,4.029289
17.07766,0.01070888,3.839325
17.09643,0.01059337,3.692535
17.11443,0.01052039,3.652016
17.13317,0.01039343,3.621109
17.15087,0.01030984,3.70401
17.16954,0.01025608,3.831329
17.18955,0.01021985,3.984215
17.2086,0.01020418,4.093742
17.22685,0.01019914,4.651604
17.2457,0.01025214,5.275696
17.26572,0.01034671,5.618881
17.28518,0.01045007,6.623596
17.30741,0.01054583,7.351158
17.3378,0.01069397,8.382561
17.35815,0.01084481,8.861244
17.37738,0.01096719,9.685669
17.3928,0.01101581,10.26964
17.40934,0.01113022,10.85097
17.42755,0.01126321,11.4692
17.44534,0.01133048,11.44576
17.4641,0.01148532,12.03741
17.48184,0.01169413,12.30589
17.50153,0.01189701,12.93677
17.51875,0.01197923,12.89293
17.53627,0.01208846,13.04516
17.5548,0.01219098,13.24088
17.59112,0.01224273,13.54552
17.61345,0.01222007,13.3573
17.63115,0.01216692,12.616
17.64886,0.01213486,12.14825
17.66539,0.01213769,12.05617
17.68107,0.01215416,11.47192
17.69633,0.01220234,11.25407
17.7119,0.01238595,10.17531
17.72869,0.01250688,9.623528
17.74922,0.01279452,8.928459
17.76783,0.01308965,8.131248
17.79192,0.01360599,6.894081
17.8131,0.01394134,5.953819
17.83455,0.01422095,4.535713
17.85299,0.01435214,3.665947
17.86753,0.01436187,3.214127
17.88495,0.01429966,2.562019
17.9016,0.01421672,2.042496
17.91847,0.0139555,0.6707993
17.93699,0.01380172,0.1582489
17.95553,0.01347898,1.035034
17.97357,0.01308768,1.733215
17.99324,0.01262764,2.793053
18.01455,0.01219427,3.736618
18.03289,0.0118141,4.60968
18.05173,0.01165852,5.012428
18.07344,0.01120928,5.583862
18.09313,0.01086939,6.017151
18.1147,0.01045816,6.466942
18.13215,0.01026644,6.622566
18.14966,0.009853702,6.630989
18.16728,0.009650368,6.725571
18.18526,0.009166908,6.614746
18.204,0.008675914,6.428925
18.22365,0.008197367,6.135239
18.24255,0.007956531,6.117775
18.26296,0.007509761,5.976822
18.28214,0.007029854,5.792046
18.30132,0.006570481,5.601242
18.31915,0.006246783,5.324303
18.34454,0.005879942,5.126274
18.36361,0.005634915,4.77433
18.38206,0.005507756,4.608398
18.40269,0.005210172,4.38311
18.42195,0.005113658,4.177574
18.4396,0.004902456,3.751045
18.45692,0.004687842,3.366013
18.47491,0.004590172,2.815575
18.49208,0.004378669,2.026855
18.51087,0.004127495,1.181686
18.53039,0.003808841,0.3954697
18.54823,0.00363645,0.1247025
18.56617,0.003324438,0.8536301
18.58413,0.003087085,1.283463
18.60265,0.00298528,1.825912
18.61985,0.002724934,2.54232
18.63828,0.002384912,3.148766
18.6602,0.002067357,3.475746
18.67498,0.001848541,3.860313
18.69004,0.001743842,4.359642
18.70626,0.001499865,4.586533
18.7369,0.001189813,4.645958
18.75539,0.0008832999,4.750893
18.77543,0.0006031357,4.835251
18.79503,0.0002748482,4.816147
18.81631,9.753183E-05,4.774956
18.83622,0.0004980117,4.312233
18.85616,0.0008588769,3.77034
18.87763,0.001172628,3.506157
18.89266,0.001459125,2.950691
18.90921,0.001615085,2.560188
18.92811,0.001952831,2.527451
18.94889,0.002290383,2.384453
18.96585,0.002595887,2.27684
18.9838,0.002712492,2.505264
19.00657,0.002919737,2.197693
19.02473,0.003114514,1.700798
19.04213,0.003297053,0.875473
19.06037,0.003454618,0.7471313
19.08064,0.003530923,0.946106
19.098,0.003675994,1.163452
19.11741,0.00374312,1.106667
19.1361,0.00370644,1.244652
19.15725,0.003624171,1.082329
19.17633,0.003505263,1.06826
19.19481,0.003370557,1.328453
19.21426,0.003292754,1.272659
19.23181,0.003047239,0.6757584
19.24993,0.002759501,0.09095764
19.2679,0.002486672,0.0500946
19.28865,0.002288669,0.206543
19.30871,0.002168924,0.4016342
19.3274,0.002117649,0.5368576
19.35153,0.002125047,0.937912
19.38015,0.002189767,0.9586334
19.40741,0.002277158,1.16198
19.43079,0.002355933,1.384026
19.451,0.002434887,1.323563
19.46967,0.002527863,1.338318
19.48939,0.002542567,1.431274
19.51205,0.002484415,1.568893
19.53148,0.002450552,1.42038
19.54947,0.002484519,1.704781
19.56214,0.002504617,1.533081
19.59466,0.002544679,1.928207
19.61704,0.002628658,2.16906
19.63768,0.002770405,2.426575
19.66849,0.003106937,2.844337
19.69023,0.003280338,0.5469818
19.72093,0.003493365,0.2109299
19.74297,0.003860325,0.3521194
19.76428,0.004339524,2.222816
19.79744,0.004401498,3.159065
19.82342,0.004747,5.147209
19.83927,0.005303726,6.87854
19.86879,0.005699687,7.916344
19.89083,0.006037563,8.896492
19.9217,0.006483361,10.46066
19.94337,0.006803025,11.63436
19.96438,0.01596902,12.14799
19.99516,0.007733554,14.58728
20.01637,0.008112058,15.72878
20.04568,0.01630691,11.48474
20.06745,0.01637634,11.23281
20.08878,0.0165211,10.98708
20.1113,0.01693681,10.58119
20.14173,0.01742145,10.25547
20.16519,0.01771446,10.19995
20.19481,0.0181991,10.35854
20.2179,0.01852779,10.43177
20.23797,0.01884477,10.42124
20.26999,0.01936914,10.369
20.29073,0.01982666,10.53495
20.31294,0.02028728,10.3728
20.33289,0.02118128,10.69406
20.36352,0.02144356,10.86874
20.38149,0.02202539,10.70526
20.39403,0.02233389,10.74386
20.4096,0.02261153,10.59552
20.42603,0.02308122,10.27192
20.44501,0.0234186,9.971095
20.46324,0.02358932,9.81562
20.481,0.02395568,9.729003
20.49528,0.02436039,9.439506
20.51112,0.02458325,9.292739
20.52523,0.02500832,9.38364
20.54404,0.02522155,10.42915
20.56331,0.0255903,10.68458
20.58146,0.02612485,11.00115
20.598,0.02677728,10.89994
20.61726,0.02747433,10.82291
20.63561,0.02782048,10.67892
20.65298,0.02855735,10.38542
20.66854,0.02929256,10.29696
20.68675,0.02998114,10.012
20.70201,0.03029834,9.874124
20.71694,0.0309413,9.81544
20.73351,0.03129859,9.694891
20.77205,0.03270143,9.411875
20.79071,0.03335803,9.174982
20.80976,0.03409173,9.264017
20.82701,0.0349181,9.249686
20.84742,0.03580897,9.097597
20.86562,0.03621689,8.958441
20.88779,0.03748,8.77259
20.90667,0.03790236,8.906732
20.92587,0.0387125,8.871392
20.94719,0.03949669,9.213326
20.96561,0.04028904,9.290497
20.98381,0.04105168,9.365022
21.00279,0.04174947,9.428192
21.02042,0.04234627,9.553824
21.039,0.04260924,9.76507
21.05684,0.04314152,9.687345
21.06963,0.04369048,9.601177
21.08885,0.04416709,9.564867
21.10464,0.04436382,9.870936
21.1192,0.04467468,10.3492
21.1372,0.04480189,10.69369
21.15696,0.04502321,11.10301
New Try
New Try
New Try
New Try
New Try
New Try
New Try
1.080076,0.01384361,18.58147
1.098323,0.01285342,18.75419
1.121759,0.01203179,19.06593
1.142976,0.01136724,19.26344
1.161906,0.0108361,19.43955
1.181666,0.01042212,19.26871
1.207178,0.01005276,19.14634
1.226969,0.009605591,18.70273
1.245548,0.009480169,18.73075
1.262866,0.009205949,18.69477
1.280485,0.00908346,18.4863
1.301199,0.008911664,18.1139
1.318842,0.008908583,18.07268
1.338337,0.008956186,17.91394
1.358677,0.008997167,17.87935
1.381165,0.00903696,17.72459
1.409508,0.009138439,17.65635
1.435221,0.009192456,17.4889
1.454253,0.009276769,17.42553
1.473323,0.009421123,17.24411
1.493755,0.009546747,17.01855
1.51605,0.009644324,16.59644
1.541135,0.009687822,16.34912
1.559011,0.009686826,16.177
1.575421,0.009654433,15.88046
1.594145,0.009579294,15.62112
1.614767,0.009505753,15.41563
1.638374,0.009449404,15.18151
1.658314,0.009396557,14.96411
1.679273,0.009352213,14.7829
1.699117,0.009325447,14.62255
1.722328,0.009330325,14.47468
1.74545,0.009373534,14.33755
1.767477,0.00941475,14.2229
1.785804,0.009440124,14.13105
1.80622,0.009435914,14.02967
1.827785,0.009445706,14.14031
1.850252,0.009456681,14.05785
1.868093,0.009468658,13.80616
1.889137,0.009491887,13.38231
1.915376,0.009514689,12.95404
1.931004,0.009539584,12.51697
1.946949,0.009560467,12.12406
1.962635,0.009645412,11.67381
1.976051,0.009713368,11.43986
1.993445,0.009864701,10.97496
2.007922,0.01004625,10.49275
2.02181,0.01012412,10.25849
2.037761,0.0102055,10.22751
2.056512,0.01035342,9.748323
2.07381,0.01053349,9.652639
2.093025,0.01069264,9.340708
2.111908,0.01083806,9.252851
2.131597,0.01089382,9.17556
2.150202,0.0110416,9.010922
2.171091,0.01125151,8.855544
2.191429,0.01145634,8.689913
2.211246,0.0116041,8.535111
2.227332,0.01170918,8.392834
2.243555,0.01176668,8.323527
2.27329,0.01197177,7.963978
2.295052,0.01209452,7.67028
2.311469,0.01223741,7.381982
2.330413,0.0123839,7.103654
2.351786,0.01249733,6.826335
2.36838,0.01255626,6.767788
2.385486,0.01268275,6.463293
2.402961,0.01283459,5.971333
2.418675,0.01289226,5.726902
2.432358,0.01301499,5.38445
2.449311,0.01305288,5.139575
2.486636,0.01312305,4.772165
2.504137,0.01313522,4.673489
2.522587,0.01314961,4.47969
2.540919,0.01315819,4.3007
2.560076,0.01314913,4.203095
2.578247,0.01314855,3.847867
2.599361,0.01313855,3.830832
2.619204,0.0131562,3.815723
2.637451,0.01317861,3.81998
2.655194,0.01319973,4.004137
2.68029,0.01326066,3.968472
2.700751,0.01328192,4.06799
2.717192,0.01335119,4.109135
2.733084,0.01338059,4.042831
2.751474,0.01342701,4.096343
2.76897,0.01342768,4.155108
2.787114,0.01342427,4.095768
2.806015,0.01343487,3.977394
2.824194,0.01344814,3.854122
2.840775,0.01346093,3.737012
2.859218,0.01342772,3.617958
2.88732,0.01341617,3.42577
2.905134,0.0134105,3.360569
2.928921,0.01337961,3.170953
2.953918,0.01330732,3.054604
2.969477,0.01327028,2.993233
2.985587,0.01321495,2.871876
3.002495,0.01317992,2.808747
3.020287,0.01311848,2.689918
3.038169,0.01304967,2.578912
3.053719,0.01301048,2.529097
3.083985,0.01283615,2.484198
3.103177,0.01278804,2.442883
3.119535,0.01273483,2.362895
3.139152,0.0126954,2.293455
3.157952,0.01267004,2.263648
3.17899,0.01258604,2.19196
3.202128,0.01251536,2.158036
3.21881,0.01247851,2.14594
3.235069,0.01239091,2.130103
3.253014,0.01233076,2.127069
3.271156,0.01218138,2.130471
3.290471,0.01202165,2.14046
3.31304,0.01185318,2.155767
3.332159,0.01169041,2.171507
3.351014,0.01151149,2.191513
3.367678,0.01132176,2.21885
3.385774,0.0112438,2.23134
3.403042,0.01110685,2.255159
3.422339,0.010989,2.276495
3.440734,0.01089337,2.297973
3.459185,0.01085288,2.309104
3.473822,0.01081453,2.365709
3.487415,0.01080393,2.371576
3.502533,0.01078787,2.382774
3.538263,0.01070299,2.407453
3.557381,0.01068048,2.413218
3.576683,0.01059812,2.461879
3.593195,0.01047922,2.474409
3.611871,0.01042202,2.522898
3.631855,0.01032094,2.583993
3.651858,0.01021415,2.592689
3.669946,0.01002964,2.657854
3.687489,0.009920521,2.662122
3.707898,0.009586219,2.737668
3.732524,0.00939425,2.874601
3.749358,0.009202954,2.952539
3.767993,0.009125045,2.953202
3.784587,0.009002504,3.114265
3.802337,0.008966947,3.201185
3.820951,0.008917051,3.28694
3.842408,0.008909602,3.374232
3.861726,0.008950281,3.46238
3.881247,0.009019785,3.448725
3.89803,0.009100197,3.436441
3.914688,0.009184868,3.166195
3.938415,0.009252722,3.417244
3.95775,0.009267763,3.405536
3.977694,0.009253077,3.679084
3.997936,0.009217607,3.968867
4.016961,0.00476867,14.42783
4.033599,0.004664931,14.54688
4.051832,0.0045681,14.35414
4.068829,0.004529659,14.26958
4.086254,0.004432566,14.41722
4.100948,0.004326787,14.53194
4.116573,0.004284021,14.42173
4.156247,0.00408797,14.62838
4.172584,0.004001237,14.38206
4.189963,0.00396359,14.5827
4.21314,0.0038222,15.20152
4.230999,0.003755789,15.0688
4.249933,0.003594402,15.11154
4.283189,0.003357317,15.01865
4.297513,0.003212456,14.76563
4.311402,0.003134858,14.96845
4.328239,0.002962235,15.04479
4.347435,0.002772257,15.10205
4.36553,0.002670184,14.97691
4.384809,0.002445117,14.70633
4.402708,0.002225839,14.7492
4.421959,0.002038125,15.12481
4.441492,0.006560311,9.858737
4.459997,0.006458309,9.863224
4.47367,0.001538366,14.28057
4.48691,0.001450695,14.11572
4.502684,0.001308274,13.75519
4.519687,0.001248743,13.91737
4.539762,0.001124725,13.89823
4.577186,0.0008984655,13.81561
4.596408,0.0007988922,13.4092
4.615344,0.0007500052,13.21095
4.632988,0.0006676205,13.50239
4.650072,0.0005694106,13.42678
4.669159,0.0004522726,13.31187
4.688422,0.0003865436,13.06953
4.706724,0.0002367385,12.61118
4.728047,7.695705E-05,12.13857
4.750629,0.0001001731,12.02761
4.76984,0.0003526472,11.71282
4.78814,0.0004504137,11.5017
4.80722,0.0006344803,11.06116
4.830466,0.0008733906,10.74449
4.848585,0.0009440072,10.52374
4.865697,0.00106762,10.76065
4.882188,0.001122452,10.52963
4.900278,0.00122609,10.36809
4.914151,0.00132611,9.842583
4.929102,0.001418397,9.606155
4.944559,0.00145334,9.659111
4.964477,0.001506064,9.374092
5.000412,0.001574624,8.671158
5.018326,0.001616791,8.238029
5.037824,0.001655679,7.792671
5.057992,0.001677118,7.357094
5.077626,0.001715261,7.204826
5.094388,0.001747534,7.112579
5.11179,0.001811553,6.176888
5.126246,0.001857195,5.25663
5.144337,0.001867656,4.803146
5.156027,0.001863945,4.242256
5.17427,0.001849849,3.801743
5.214285,0.001718894,2.271301
5.235613,0.001599416,1.471153
5.25305,0.001533166,1.431252
5.269391,0.0013806,1.013687
5.288035,0.00119995,0.9946899
5.307137,0.001007654,0.6520996
5.325622,0.0009093545,0.6679306
5.344085,0.0007184781,0.3985748
5.363805,0.0005158298,0.162117
5.380123,0.0003145374,0.2872543
5.40529,3.385171E-05,0.5119247
5.425668,0.000151515,1.029526
5.444374,0.0003981739,1.678017
5.480051,0.0005511753,2.286613
5.495744,0.0006162561,2.091469
5.508298,0.000753846,2.427765
5.520774,0.0008287281,2.573456
5.537937,0.0009628087,2.912857
5.556156,0.001024723,3.101326
5.57378,0.00115573,3.467644
5.591879,0.001293026,3.514923
5.616693,0.00142464,3.563019
5.634778,0.001534324,3.623993
5.652507,0.001643091,3.686028
5.669878,0.001752995,4.056023
5.692766,0.001855705,4.396797
5.711753,0.001963705,4.083832
5.735773,0.00209092,4.29789
5.758441,0.002164271,4.327415
5.779423,0.002219569,4.636711
5.800312,0.002233118,4.573563
5.82091,0.002202112,4.114975
5.839921,0.002148516,3.891937
5.859608,0.002120782,3.939247
5.879545,0.002059564,3.621254
5.896914,0.001995131,3.549622
5.91602,0.001924962,3.084091
5.935123,0.001861099,2.57592
5.954518,0.001804307,2.337486
5.975838,0.001760878,2.43959
5.996367,0.001714822,2.146812
6.013257,0.001666408,2.173462
6.03296,0.001613181,2.163933
6.052101,0.001588747,2.014931
6.072453,0.001540396,1.404984
6.094756,0.001442634,0.732872
6.115698,0.001370277,0.5447006
6.137787,0.001231544,0.3171082
6.157808,0.001180258,0.2592545
6.173802,0.001057759,0.1609802
6.192987,0.0009326041,0.1341095
6.213688,0.0007935055,0.1973114
6.231824,0.00072065,0.1824188
6.250818,0.0005839877,0.123497
6.271682,0.0004245713,0.3528137
6.289766,0.000247132,0.238205
6.308471,4.854426E-05,0.1077652
6.327442,0.0001631863,0.378273
6.345485,0.0002725013,0.4711609
6.35959,0.0004975572,1.346153
6.371721,0.0006140843,1.768372
6.386947,0.0008263811,2.295479
6.40515,0.0009409785,2.722466
6.424812,0.001188677,2.857773
6.448304,0.001539286,3.74604
6.467238,0.001785677,4.839981
6.484726,0.001913808,5.198486
6.502638,0.00218441,5.902344
6.520942,0.002489246,6.207649
6.540366,0.002771474,6.178146
6.559802,0.002923787,6.473145
6.577691,0.003217887,6.732216
6.595302,0.00350583,6.968788
6.608455,0.003788456,7.138023
6.624388,0.004298009,7.115288
6.662279,0.004416425,7.00457
6.680676,0.0046461,6.781342
6.698352,0.004762311,6.662567
6.719064,0.005112268,6.58783
6.738109,0.005295202,6.678291
6.758071,0.00546046,6.09536
6.781507,0.005630441,5.859711
6.797805,0.005715791,5.769325
6.81387,0.005790256,5.683754
6.831,0.005915616,5.187508
6.848692,0.006002828,4.692337
6.863068,0.006071527,4.214622
6.893033,0.006146509,3.745872
6.911371,0.006157074,3.371964
6.929722,0.006142911,3.046181
6.947863,0.006091665,2.725311
6.964611,0.006060455,2.42585
6.982908,0.005992554,2.51194
7.001194,0.005905434,2.68383
7.017722,0.005764015,2.891953
7.032951,0.005685575,3.012825
7.048588,0.005524032,2.930786
7.063776,0.005452298,3.393402
7.100419,0.005171385,3.586861
7.11749,0.005008437,3.886398
7.134433,0.004929915,3.707535
7.153328,0.004800763,4.037231
7.173009,0.004707571,3.990402
7.193594,0.004638884,4.264893
7.2149,0.004547391,4.175446
7.232824,0.004451264,4.092697
7.252021,0.00436417,4.301445
7.272025,0.004305352,4.447891
7.294117,0.004256353,4.523224
7.31322,0.004199214,4.592377
7.331629,0.004135318,4.627029
7.348535,0.004053146,4.633484
7.366621,0.004017614,4.601677
7.385199,0.00396695,4.870758
7.400976,0.003926218,4.807907
7.414515,0.003900949,4.787888
7.430676,0.003854159,5.06102
7.447211,0.00383741,5.038239
7.465598,0.003825679,4.946831
7.484506,0.003841683,4.538383
7.52212,0.00391227,4.72113
7.54042,0.003974836,4.618614
7.558934,0.004003238,4.582741
7.57691,0.004057791,4.172989
7.595525,0.004097059,4.108597
7.613007,0.004142459,3.666801
7.63066,0.004168663,3.638397
7.648224,0.0042057,3.236969
7.664506,0.004234761,3.216805
7.683852,0.0042657,2.55957
7.698039,0.004285127,2.559631
7.732975,0.004307624,2.580757
7.749955,0.004291564,2.577499
7.766006,0.004283518,2.54747
7.786788,0.004245616,2.527969
7.805192,0.004193518,2.804237
7.842248,0.004003629,2.48951
7.863193,0.003946349,2.494316
7.881482,0.003789313,2.217865
7.899542,0.003740776,2.243736
7.919806,0.003643222,2.239304
7.937144,0.003512964,1.879051
7.955583,0.00339197,1.541382
7.974833,0.00329373,1.83168
7.994904,0.00319194,1.758614
8.011541,0.00315303,1.713646
8.027815,0.003064096,1.605179
8.043818,0.002973124,1.484238
8.058901,0.002923731,1.083328
8.074034,0.002823822,0.9093323
8.089823,0.002773333,0.8222046
8.107858,0.002677862,0.6510468
8.129371,0.002569877,0.8236923
8.150134,0.002374675,0.191391
8.166154,0.002306927,0.2447205
8.183503,0.002142191,0.4249802
8.20228,0.002059881,0.8249283
8.222537,0.001896154,0.8890915
8.245011,0.00163215,0.6585236
8.264265,0.001535736,1.019737
8.286119,0.00123452,1.084023
8.304659,0.001022667,0.767746
8.323366,0.0007892698,0.7675476
8.345417,0.0005342998,0.1090775
8.364555,0.0002690889,0.08286285
8.381865,0.0001312979,0.2293015
8.398684,0.0001600236,0.2291031
8.41733,0.0004686266,0.1994934
8.432415,0.0006326735,0.5463181
8.446909,0.0009903722,1.182426
8.463812,0.00138773,1.440758
8.48103,0.00158779,1.438393
8.498335,0.002012409,1.716133
8.517254,0.002482772,2.034515
8.535392,0.00299947,2.296761
8.573206,0.003728416,2.692039
8.592892,0.004209258,2.442909
8.610528,0.004678778,2.518997
8.629351,0.005147539,2.82679
8.647046,0.005405027,2.789818
8.664561,0.005877279,2.729523
8.682796,0.00633046,2.337051
8.698997,0.006796911,2.25145
8.714001,0.007031627,2.240822
8.73027,0.00747595,1.905312
8.747914,0.007884979,1.859818
8.783426,0.008590877,2.039078
8.806789,0.008894712,1.853058
8.824187,0.009146038,2.359116
8.84358,0.009254839,2.460381
8.860417,0.009471517,2.630035
8.877444,0.009672739,2.869682
8.895195,0.009772643,2.992447
8.912213,0.00996967,3.580307
8.929199,0.01005631,3.702156
8.947959,0.01024435,4.305313
8.965344,0.01042853,5.255402
8.986765,0.01064088,5.846054
9.021665,0.01114449,7.167496
9.041482,0.01147425,7.244164
9.0622,0.01186073,7.90255
9.080734,0.01224965,7.842834
9.098223,0.01243433,8.150909
9.116755,0.01281529,8.058701
9.135555,0.01323658,7.916069
9.154438,0.01362425,7.844139
9.172704,0.01399329,8.191704
9.193575,0.01415681,8.204445
9.210436,0.01451615,8.252029
9.227862,0.01492151,8.29715
9.245462,0.01529859,8.755524
9.265621,0.01569301,8.906433
9.280421,0.01614356,9.390335
9.308167,0.01663404,9.633156
9.327655,0.01710388,9.612816
9.348659,0.01756107,9.90966
9.367387,0.01802241,10.4669
9.385283,0.01845388,10.84504
9.403848,0.01883115,11.56358
9.419264,0.01916559,12.06678
9.438136,0.01933887,12.25996
9.453334,0.01972129,12.70154
9.466618,0.01993275,13.25988
9.483472,0.02033053,13.9624
9.501443,0.02052957,14.53603
9.519201,0.02087867,15.21748
9.532335,0.02122676,15.71326
9.547714,0.0214185,16.20028
9.563671,0.02174013,16.62051
9.582192,0.0220245,17.10616
9.598512,0.0221683,17.39479
9.637104,0.02259864,18.06981
9.657038,0.02272284,18.67297
9.679132,0.02277954,19.35732
9.696146,0.02281565,19.43498
9.711925,0.02282769,19.35811
9.729998,0.02280489,19.31143
9.748759,0.0227559,19.58266
9.768103,0.02267288,19.3958
9.787931,0.02256632,19.16113
9.807649,0.02243412,18.74507
9.839182,0.02228158,17.651
9.855836,0.02223526,16.85909
9.874622,0.02222766,16.11461
9.896124,0.02225841,15.28123
9.918523,0.02231905,14.30608
9.941797,0.02242849,13.2901
9.958792,0.02258928,12.09473
9.97623,0.0227954,10.96841
9.991983,0.02289633,10.38865
10.00745,0.02310969,9.316322
10.02381,0.02331137,8.007263
10.04481,0.02352691,6.65155
10.06026,0.02364304,6.075653
10.07842,0.02391448,4.921196
10.09688,0.02419989,3.739471
10.11427,0.02450031,2.778534
10.13148,0.02467809,1.994217
10.1502,0.02504933,0.8164139
10.16839,0.02567812,0.6965485
10.20405,0.02611646,1.779854
10.21907,0.02656008,2.752426
10.23644,0.02703646,3.977089
10.25468,0.02744052,5.101448
10.27355,0.02785596,5.884918
10.94668,0.06293737,9.927155
10.96326,0.06243151,9.553742
11.03629,0.0600522,8.183021
11.05422,0.05922921,7.984484
11.09093,0.05780677,7.551695
11.11004,0.05672942,7.244838
11.12775,0.0556554,6.927558
11.14496,0.05452242,6.77529
11.16239,0.05393072,6.707417
11.18046,0.05270892,6.451267
11.19936,0.05146063,6.363162
11.21702,0.0502126,6.290957
11.22998,0.0489829,6.234073
11.24479,0.04834571,6.210883
11.26238,0.04715922,6.182725
11.29618,0.04540827,6.163543
11.31509,0.04414809,6.010793
11.33973,0.04228173,5.867619
11.35631,0.0416143,5.726663
11.37578,0.04035697,5.599127
11.39279,0.03910229,5.626119
11.41165,0.03848781,5.640731
11.42983,0.03733677,5.673643
11.44926,0.03623819,5.563734
11.46861,0.03514438,5.460272
11.49782,0.03364169,5.384741
11.52371,0.0327326,5.294575
11.54232,0.03191737,5.361108
11.55702,0.03114754,5.292058
11.57254,0.03081218,5.180357
11.60593,0.02957606,5.030885
11.62289,0.02927508,5.070684
11.64187,0.02875811,4.99532
11.65882,0.02838958,4.926486
11.67739,0.02810953,4.997398
11.69561,0.02785383,5.064614
11.71462,0.02776386,5.100349
11.73305,0.02770499,5.005625
11.75177,0.02780141,4.940187
11.76717,0.02798664,4.929229
11.78258,0.02819625,4.938798
11.80162,0.02829405,5.093353
11.82304,0.02850543,5.272137
11.84089,0.02868731,5.455568
11.86359,0.02875171,5.643926
11.87759,0.0286378,5.700627
11.89424,0.02850948,5.712408
11.91361,0.0279385,5.735418
11.93105,0.02767786,5.744194
11.94852,0.02700554,5.762964
11.96629,0.02660561,5.771461
11.98525,0.02570871,5.79197
12.00416,0.02467799,5.814633
12.01987,0.02352448,5.845597
12.03272,0.02291318,5.855213
12.0472,0.02161803,5.876832
12.06516,0.02094544,5.888927
12.08924,0.01890832,5.934552
12.12415,0.01661832,5.980386
12.14397,0.01504508,6.006683
12.16211,0.0135219,6.040821
12.17866,0.01202609,6.087629
12.19636,0.0112566,6.093102
12.21436,0.009680162,6.128327
12.23236,0.008093731,6.152688
12.25234,0.006586115,6.17511
12.26866,0.005181603,6.193054
12.2838,0.004492525,6.194668
12.30645,0.003146612,6.195491
12.33284,0.001443576,6.188684
12.3549,0.001124399,6.156796
12.37553,0.001901927,6.12279
12.39252,0.002356742,6.103581
12.41154,0.003161581,6.0522
12.42947,0.003806646,5.990507
12.44621,0.004100418,5.95325
12.46331,0.004590252,5.87403
12.48343,0.004936298,5.788822
12.5034,0.005088035,5.693953
12.52367,0.005090792,5.593699
12.5463,0.005053713,5.494689
12.56252,0.004970658,5.39514
12.57924,0.004901034,5.349619
12.59752,0.004665446,5.269683
12.61643,0.004327421,5.171688
12.63521,0.004009253,5.084151
12.65417,0.003754931,4.996105
12.67318,0.003518691,4.862363
12.69287,0.003167928,4.802894
12.7113,0.003002836,4.779958
12.72818,0.002692017,4.735821
12.75276,0.002208572,4.733048
12.78814,0.001975329,4.755675
12.80811,0.00177532,5.146965
12.82668,0.001591344,5.496508
12.84563,0.001378465,5.555167
12.86507,0.00117983,5.612237
12.88999,0.00106435,6.067405
12.90928,0.001120217,6.095321
12.92601,0.001396171,6.148352
12.94437,0.001821705,6.248271
12.96382,0.002318044,6.349991
12.98207,0.00260023,6.372983
12.99991,0.003233855,6.471842
13.02013,0.003838058,6.574262
13.03896,0.004391473,6.616543
13.05476,0.004890709,6.724821
13.06674,0.005121451,6.749128
13.08245,0.005532541,6.8639
13.09986,0.005695095,6.889656
13.11898,0.005902936,6.886551
13.13912,0.006002713,6.955759
13.15587,3.505498E-05,17.19901
13.17798,0.0002842806,15.83278
13.19609,0.0005371384,14.68307
13.21588,0.0007780232,13.61268
13.23356,0.0008626394,13.12309
13.2525,0.001030609,12.18016
13.27068,0.001235526,11.28232
13.29231,0.0014585,10.40665
13.3101,0.001638558,9.467964
13.32821,0.001764975,8.46637
13.34804,0.001839776,7.48468
13.37048,0.001848664,6.446724
13.3926,0.001810707,5.386887
13.40988,0.00172985,4.36058
13.42779,0.0016069,3.386551
13.44548,0.001465436,2.538139
13.46286,0.00139093,2.160164
13.48109,0.001255728,1.477249
13.49932,0.001106307,0.9217453
13.51839,0.0009507127,0.4912949
13.54019,0.0008255579,0.1612473
13.55869,0.000759162,0.0225296
13.57846,0.0007415265,0.3725204
13.59998,0.0007599853,1.084206
13.61862,0.0008450821,1.799393
13.63658,0.0009007007,2.173592
13.65451,0.001004305,3.258804
13.67474,0.001087338,3.660942
13.69177,0.001220372,4.294609
13.7106,0.001363888,4.81311
13.72948,0.001490895,5.264809
13.74919,0.001586467,5.649139
13.76652,0.001627967,6.115089
13.78077,0.001695789,6.264999
13.81524,0.001720395,6.298363
13.83303,0.001679331,5.906174
13.85347,0.001553878,5.705673
13.86768,0.001361746,5.307907
13.89014,0.001152899,4.914986
13.91189,0.0009187199,3.830551
13.9275,0.000635922,3.033226
13.96398,0.000171341,2.341354
13.9826,0.0001321062,1.959106
14.00154,0.000381697,1.769295
14.01986,0.0006203875,1.357498
14.0397,0.0008534975,0.9957047
14.05828,0.0009752661,0.9937973
14.07415,0.001196191,0.771431
14.08712,0.00130723,0.8077393
14.10307,0.001507655,1.006828
14.12214,0.001722254,1.17495
14.13928,0.001971167,1.281776
14.15705,0.002098713,1.334969
14.17433,0.002352726,1.440529
14.1922,0.00262443,1.567657
14.21218,0.002903357,1.609169
14.2305,0.003190126,1.676903
14.25278,0.003500268,1.783401
14.26969,0.003658861,1.835152
14.28623,0.003950838,2.2593
14.3037,0.004182778,2.544853
14.3239,0.004373599,2.836571
14.34561,0.004560612,3.739731
14.36196,0.004731148,4.686951
14.38004,0.004796494,4.834503
14.39941,0.00491238,5.035286
14.42554,0.005015031,4.95977
14.44231,0.00508536,5.442101
14.45965,0.005126789,5.486771
14.47724,0.005140502,5.710617
14.49776,0.005087052,5.517479
14.51747,0.005031146,5.275955
14.53526,0.004994895,5.008102
14.55445,0.004914373,5.122002
14.57372,0.004744705,5.274948
14.59242,0.004566811,5.150978
14.61369,0.004400067,4.983337
14.63851,0.004165843,4.954948
14.65511,0.003892154,5.060959
14.67321,0.003611848,5.16758
14.68988,0.00346062,5.059647
14.70673,0.003162801,5.120781
14.72554,0.003006,5.222855
14.74398,0.002695456,5.487892
14.75979,0.002384994,5.712204
14.77229,0.00221955,5.538498
14.78957,0.001936272,5.677399
14.80785,0.001698494,5.978249
14.82562,0.001602292,5.975876
14.86262,0.001366779,6.012695
14.88098,0.001317259,5.978851
14.9045,0.001386274,5.855614
14.92169,0.001443923,5.706711
14.94045,0.001567949,5.979195
14.9573,0.001583848,6.094269
14.97514,0.001622617,6.121864
14.98952,0.001742043,6.305847
15.00519,0.00189691,6.54187
15.01921,0.001998052,6.967087
15.03817,0.002219513,6.814568
15.0751,0.002579719,5.804749
15.09681,0.002918851,6.318542
15.11285,0.003144797,6.011948
15.14955,0.00327133,5.647171
15.16725,0.003313277,5.724869
15.18552,0.00331033,5.7929
15.2041,0.003117193,6.096924
15.22333,0.002747197,6.294983
15.24226,0.002535302,6.543587
15.26122,0.002034064,6.935539
15.27962,0.001415737,6.986824
15.29861,0.0006673373,7.068451
15.31696,0.0003089942,6.955208
15.33443,0.0004403256,6.857483
15.35676,0.001171954,6.619385
15.37646,0.001966089,6.199326
15.39491,0.002741057,5.945267
15.41634,0.003484257,5.465332
15.43529,0.004198842,5.245621
15.45443,0.004957698,4.738594
15.47348,0.005671509,4.252983
15.49181,0.006012946,3.819977
15.50963,0.006647207,3.177277
15.52867,0.007235412,2.57843
15.54776,0.007807784,1.70414
15.5658,0.008081172,1.362579
15.58008,0.008503877,0.4638977
15.59563,0.008799013,0.2612839
15.60967,0.008912411,0.6253662
15.62784,0.009074453,1.327736
15.64534,0.0091419,2.278473
15.6667,0.009086788,3.381088
15.68886,0.008936644,4.328865
15.70973,0.00872365,5.192276
15.72682,0.00842027,5.882759
15.74432,0.008247439,6.308571
15.7625,0.00783452,6.705986
15.78085,0.007619713,7.095634
15.79929,0.007163074,7.610283
15.8138,0.0066876,8.010086
15.83129,0.006127585,8.407028
15.84701,0.00582698,8.698196
15.8613,0.005202781,8.987968
15.8805,0.004619397,9.404594
15.92139,0.003359731,10.28277
15.94079,0.00307022,10.28717
15.9573,0.002546996,10.54427
15.97534,0.002331302,10.18938
15.9949,0.001875211,9.817215
16.01303,0.001433056,9.30571
16.02896,0.001027748,8.852478
16.04393,0.0008435734,8.538437
16.05838,0.0005486272,7.978317
16.07493,0.0003952384,7.529068
16.09262,1.571327E-05,6.777596
16.13122,0.0007385164,5.144806
16.15216,0.0009503476,4.503448
16.17128,0.001055188,3.869102
16.18954,0.001263037,2.819206
16.20663,0.001439199,1.992027
16.22435,0.00149795,1.294975
16.24313,0.001555897,0.2888794
16.25947,0.001610793,0.8487167
16.27319,0.001636114,1.564949
16.30691,0.001869287,3.691498
16.32671,0.001971211,4.657005
16.34486,0.002084378,5.507187
16.36337,0.002129637,6.204346
16.38321,0.002182461,7.330757
16.40038,0.002200909,8.743851
16.42054,0.002212133,9.37262
16.43992,0.002275765,10.88477
16.45765,0.002351005,11.69997
16.4743,0.002429985,12.67979
16.4876,0.002463866,13.14548
16.50287,0.002524294,14.18032
16.51967,0.002562288,14.53426
16.56081,0.002624087,15.91763
16.57834,0.002617754,16.67935
16.59577,0.002615273,16.7619
16.61304,0.002635669,17.43848
16.63174,0.002669778,18.20837
16.64943,0.002671279,18.5571
16.66419,0.002648395,19.27174
16.68081,0.002610814,19.93214
16.70158,0.002595633,20.58648
16.72532,0.002582695,21.25426
16.75155,0.002542518,21.48329
16.76941,0.002544127,21.45559
16.78814,0.002589967,21.63863
16.80539,0.002642777,21.78549
16.82293,0.002671845,21.65359
16.84061,0.002732825,21.81326
16.85968,0.002848867,21.61497
16.88351,0.003042765,21.92669
16.9025,0.003384497,22.09825
16.92671,0.003695391,21.69818
16.94983,0.004048157,21.39738
16.96398,0.004232951,21.21397
16.97899,0.004572384,20.48527
16.99643,0.004738275,20.23547
17.01314,0.005078793,19.71327
17.03179,0.005429279,18.77729
17.0509,0.005609959,18.17212
17.06896,0.005928472,17.42822
17.08441,0.006258484,16.6843
17.09868,0.006428581,16.4165
17.11334,0.006767906,15.76372
17.1303,0.0069323,15.41064
17.16884,0.007583428,14.57016
17.18999,0.007922668,13.6048
17.2079,0.00819394,12.98198
17.22583,0.008309159,12.42087
17.2439,0.008587793,11.71013
17.26348,0.008899625,10.77173
17.28119,0.009223759,9.80423
17.30008,0.009540334,9.115028
17.31986,0.009717003,8.973579
17.33702,0.0100689,8.593109
17.35834,0.01046607,8.37384
17.37725,0.01084249,8.096588
17.39725,0.01117973,7.939842
17.41408,0.01148792,7.627205
17.43823,0.01178302,7.042671
17.45617,0.01207247,6.402733
17.47412,0.01232751,5.396805
17.51108,0.01266794,3.75042
17.53304,0.01293198,2.562553
17.54973,0.0132027,1.45594
17.56939,0.01347189,0.3064117
17.58631,0.01358284,0.2883987
17.60446,0.01382777,1.502655
17.62232,0.01396343,2.117233
17.64028,0.01430501,3.354675
17.66089,0.01466409,4.812881
17.67874,0.01499774,6.462814
17.69833,0.01530134,8.13089
17.71655,0.01543557,8.929504
17.73435,0.01575716,10.56933
17.75133,0.01610281,12.21524
17.77318,0.03001583,5.707636
17.79168,0.03021531,7.112816
17.81009,0.03040981,8.069057
17.83249,0.03087954,8.474542
17.84713,0.03140255,8.277801
17.8609,0.03163139,8.239904
17.87655,0.03198833,7.759926
17.89478,0.0321653,7.592566
17.91107,0.03256217,7.274296
17.92997,0.03295527,6.814401
17.95085,0.03316376,6.522786
17.96879,0.03355225,6.736854
17.99165,0.03420775,6.694569
18.01078,0.03460831,6.640448
18.02965,0.03478932,6.704053
18.04732,0.03522663,6.998435
18.06534,0.03580638,6.815092
18.08569,0.03651762,6.618232
18.10411,0.03688319,6.517553
18.12357,0.03763751,6.447224
18.14393,0.03836112,6.527024
18.16255,0.03912839,6.53978
18.18021,0.03985877,6.553469
18.20504,0.04053444,6.724879
18.22288,0.04121746,7.05124
18.23983,0.04157145,7.210092
18.257,0.0422572,7.496901
18.27234,0.04291047,7.646626
18.29125,0.04354071,7.647089
18.30558,0.04381723,7.661422
18.31934,0.0441242,7.935829
18.33787,0.04469993,8.044471
18.35632,0.04521025,7.899334
18.37443,0.045735,7.935211
18.3934,0.04627136,7.66324
18.43689,0.04749047,7.522014
18.46034,0.04820419,7.284188
18.47354,0.04865931,7.129978
18.49005,0.04953084,6.962664
18.50599,0.04996084,7.104675
18.52304,0.05085207,7.053437
18.5416,0.05128071,6.868127
18.55968,0.05209668,6.50397
18.57788,0.0529099,6.451966
18.59264,0.05370533,6.447588
18.60626,0.05409922,6.457434
18.6396,0.05529865,6.262156
18.65806,0.05647384,6.224631
18.69287,0.05722136,6.112857
18.71258,0.05793748,6.176539
18.73255,0.0585474,6.269197
18.75221,0.05919929,6.159821
18.769,0.05955265,6.100851
19.1697,0.04766916,6.556281
New Try
New Try
New Try
New Try
New Try
New Try
New Try
New Try
0.148026,0.0460031,14.70292
0.166267,0.04413299,14.06463
0.1864486,0.03894942,12.52532
0.2031106,0.03731963,12.24548
0.2193316,0.03444989,11.39487
0.2374777,0.03167568,10.45177
0.2575905,0.0292796,9.626472
0.2762111,0.02816391,9.342896
0.314062,0.02434813,7.606278
0.3344302,0.02269619,7.578517
0.3552153,0.02116887,7.826591
0.9690317,0.01355619,10.40853
0.9859787,0.014303,10.26443
1.003851,0.01462305,10.16845
1.020489,0.01514938,9.622367
1.040725,0.01563314,9.203681
1.059426,0.01592895,8.981592
1.0787,0.0161073,8.707368
1.097722,0.01625058,8.411836
1.134778,0.01619162,7.982049
1.15266,0.01596416,7.594607
1.185809,0.01585121,7.371315
1.20456,0.01575866,7.195602
1.222936,0.01572051,7.081111
1.240873,0.01564127,6.798033
1.25882,0.01556832,6.966804
1.282046,0.01545305,7.251767
1.300831,0.01525845,7.503259
1.319502,0.01500213,7.782884
1.338022,0.01483936,7.763542
1.356656,0.01447706,7.907555
1.378996,0.01394677,7.894313
1.398193,0.0137714,7.894289
1.416553,0.01346204,8.056273
1.437932,0.01317841,8.042933
1.456104,0.01290882,7.857028
1.473815,0.0126206,7.674373
1.491663,0.01246959,7.500879
1.510764,0.01212426,7.306697
1.530928,0.0117631,6.939836
1.550032,0.01142034,6.400461
1.568979,0.01112212,6.012456
1.587396,0.01089757,5.290947
1.606803,0.01080084,5.087388
1.624893,0.01062898,4.662621
1.641422,0.01048913,4.376853
1.655891,0.01041894,4.073955
1.672294,0.01040584,3.998607
1.68617,0.01042444,3.918766
1.703136,0.01049419,3.741045
1.721169,0.01054117,3.643144
1.743353,0.01073925,3.33284
1.762344,0.01088452,2.953467
1.78124,0.01100667,2.884052
1.801143,0.01107536,2.765059
1.816873,0.01120813,2.68788
1.83583,0.01137877,2.445286
1.857522,0.01154012,2.198112
1.881993,0.01173866,1.854563
1.903191,0.01190294,1.62558
1.922685,0.012097,1.405696
1.94831,0.01230629,1.194685
1.970634,0.01250022,0.992881
1.986074,0.01258249,0.8906538
2.003899,0.01270916,1.008718
2.021959,0.0127883,0.8187665
2.03686,0.01285643,0.7595032
2.05339,0.01289982,0.6596788
2.070449,0.01296938,0.4685547
2.088814,0.01299758,0.3815487
2.105533,0.01302761,0.3090104
2.123447,0.0130627,0.1724585
2.1421,0.0130828,0.1678588
2.161691,0.01316138,0.1532334
2.185539,0.01334608,0.14537
2.204481,0.01350672,0.1643245
2.219526,0.01359007,0.2158
2.236657,0.01367474,0.276953
2.255264,0.01389366,0.6413296
2.273756,0.01412563,0.91941
2.291808,0.01440586,1.039858
2.310897,0.01468856,1.301911
2.369292,0.01534663,1.589301
2.405949,0.01584732,1.831735
2.42914,0.01606392,1.833977
2.458863,0.01628489,1.700539
2.482509,0.01636267,1.654694
2.514703,0.01651498,1.638411
2.537785,0.01663156,1.658828
2.569715,0.01663201,1.667653
2.592653,0.01664998,1.690149
2.612123,0.01670795,1.731445
2.639037,0.01673507,1.73765
2.662737,0.01681127,1.737199
2.690156,0.01693292,1.759919
2.712063,0.01703737,1.792314
2.733625,0.01722409,1.867812
2.762337,0.01729129,1.937348
2.78282,0.01738528,1.97457
2.800736,0.0175218,2.35077
2.830735,0.01770622,2.740026
2.851288,0.01777268,2.76902
2.872294,0.01788875,2.824661
2.893771,0.01800539,3.198737
2.919226,0.01825555,4.040409
2.947166,0.01830222,4.075878
2.969576,0.01840482,4.144915
2.989719,0.01852179,4.151666
3.011533,0.01863374,4.53596
3.029512,0.01873544,4.870374
3.052791,0.01882329,5.257883
3.077222,0.01894112,5.58044
3.100419,0.01901583,5.597062
3.120607,0.01909626,5.615624
3.13913,0.01921994,5.628662
3.172182,0.009106789,15.63465
3.189671,0.00903986,15.37843
3.20833,0.00893103,14.91311
3.229067,0.008837283,14.45728
3.241518,0.00879107,14.19198
3.258833,0.008693498,13.70882
3.271679,0.008635633,13.5013
3.287707,0.008517582,13.03459
3.305751,0.008424822,12.55023
3.324541,0.008378845,12.26697
3.342922,0.00831658,11.83665
3.359936,0.008251265,11.64977
3.374118,0.008220702,11.36248
3.38632,0.008180317,11.22646
3.403082,0.008171387,11.00613
3.423613,0.008183114,10.5736
3.445037,0.008203309,10.53135
3.466056,0.00823997,10.40401
3.485636,0.008255433,10.51928
3.502125,0.008269541,10.28874
3.520473,0.008267693,9.971359
3.538933,0.00826041,10.21529
3.557198,0.008241478,9.920296
3.574867,0.00823174,9.62513
3.587254,0.008234631,9.508926
3.600892,0.008242566,9.529251
3.616663,0.0082472,9.361519
3.634492,0.008249559,9.422234
3.674608,0.02447086,9.743765
3.695985,0.008267999,9.524651
3.714829,0.008278646,9.888481
3.732771,0.008285083,10.06923
3.748971,0.008308455,10.07241
3.769088,0.008287441,10.05634
3.787428,0.008266404,9.877777
3.806271,0.00821384,9.808784
3.826115,0.008175306,9.760429
3.841543,0.008135099,9.329323
3.867682,0.008064881,9.246368
3.886898,0.007959094,9.055679
3.905745,0.007837534,9.246498
3.924128,0.007700454,9.686005
3.944304,0.007566378,9.849632
3.962743,0.007506754,9.572136
3.985058,0.007284064,9.058174
4.005142,0.00714108,9.034554
4.025265,0.007031593,8.972969
4.043528,0.006990023,8.83886
4.061296,0.006882742,8.717735
4.082641,0.006755307,8.444794
4.099309,0.006632566,8.140656
4.118259,0.006545052,7.893944
4.136182,0.006453287,7.238815
4.15609,0.006387241,7.124344
4.171977,0.006274365,6.570694
4.189061,0.006236997,6.507668
4.207797,0.006192934,5.980659
4.225832,0.006181136,5.844597
4.245035,0.006198272,5.491791
4.269754,0.006245777,5.070801
4.293308,0.006383773,5.080605
4.312005,0.006523792,4.843063
4.332337,0.006724134,4.902321
4.35859,0.006971948,4.911247
4.388051,0.007372316,4.72007
4.40993,0.007625788,4.537766
4.435508,0.008021813,4.488647
4.461484,0.008301187,4.626808
4.481132,0.008551203,4.794533
4.509172,0.008778714,4.673599
4.52913,0.009019546,4.795006
4.550339,0.009240348,4.937798
4.571108,0.009481784,5.084946
4.592109,0.009761877,5.189857
4.613071,0.009997237,5.04245
4.633451,0.01017087,5.29792
4.653902,0.01031044,5.551483
4.669684,0.01047226,6.06913
4.687551,0.01061109,6.80291
4.70349,0.01066263,6.904747
4.723829,0.01072638,7.732162
4.737879,0.01073773,8.109825
4.752439,0.01074457,8.113319
4.770105,0.01074596,8.103203
4.787634,0.01075564,8.099998
4.806605,0.01072793,8.105827
4.826118,0.01067047,8.43898
4.846077,0.01059698,9.126869
4.868165,0.01052976,9.474403
4.890774,0.01035415,9.546379
4.931028,0.01024007,9.275215
4.950876,0.01013522,9.021172
4.973599,0.01001016,9.083855
4.994775,0.009861652,9.132828
5.015264,0.009721555,9.16954
5.030218,0.009600539,9.217697
5.050556,0.009494372,8.958725
5.067644,0.00943533,8.981728
5.085569,0.009311542,9.353882
5.099829,0.009191766,9.732887
5.118245,0.009138957,9.77327
5.135248,0.009025164,9.845772
5.154152,0.008969486,9.884277
5.170264,0.008873317,9.679726
5.184045,0.008781996,10.14734
5.19831,0.008728713,10.21704
5.215012,0.00867413,10.59913
5.234093,0.008587077,11.05723
5.254636,0.008534331,11.20605
5.276111,0.008451097,11.46637
5.295776,0.008398186,11.54945
5.31524,0.008289903,11.75888
5.340176,0.0081532,11.71576
5.360594,0.008048162,11.88786
5.381685,0.007915068,12.05169
5.398131,0.007857792,12.15213
5.415643,0.007729381,12.30685
5.43346,0.00760128,12.48265
5.448301,0.007523924,12.87222
5.466654,0.007344592,13.34882
5.484004,0.007138975,13.47126
5.50064,0.006942987,13.59986
5.51952,0.006834205,13.33127
5.555507,0.00640228,12.87284
5.580328,0.006198607,12.98767
5.596912,0.006007701,13.03745
5.613719,0.005913746,12.77033
5.631094,0.005696096,12.85792
5.648377,0.005584758,12.88671
5.666353,0.005327675,12.58289
5.685727,0.00504823,12.60718
5.70383,0.004765108,12.29771
5.724266,0.004456066,12.22919
5.748675,0.004126925,12.14548
5.774223,0.003680311,12.0285
5.797234,0.003358625,11.93343
5.819932,0.003042046,11.79294
5.842358,0.002752215,11.65705
5.865428,0.002354458,11.38216
5.8865,0.002218198,11.2286
5.905133,0.002005734,10.71812
5.923242,0.001845483,10.47841
5.940446,0.001686703,10.02221
5.964409,0.001527794,9.873192
5.982424,0.001384314,9.687431
6.000927,0.001298811,9.562042
6.024299,0.001234092,9.45224
6.045028,0.001171719,9.699203
6.06306,0.001140129,9.716698
6.078382,0.001071859,10.04237
6.095829,0.0009973347,10.13148
6.133744,0.0009064674,10.00379
6.153245,0.0008231737,9.55719
6.174108,0.0007227734,9.21357
6.192463,0.0006463602,9.195351
6.208602,0.0006229095,9.068642
6.220061,0.0005666688,9.187737
6.235903,0.0005285777,9.425339
6.252823,0.0004926994,9.366425
6.268849,0.0004174076,9.867638
6.282257,0.0003308244,10.36993
6.297472,0.0002888329,10.62564
6.315702,0.0001938082,11.73111
6.334987,0.0001193061,12.5107
6.354068,8.503348E-05,12.71947
6.378489,3.24212E-05,13.34105
6.399111,0.0001202784,14.08424
6.417854,0.000218045,15.09217
6.437578,0.0003389344,15.70056
6.459253,0.0004688092,15.93949
6.480403,0.0006039888,16.11774
6.495873,0.0006678924,16.19312
6.515381,0.0007985942,16.60441
6.534863,0.0009310842,16.95292
6.552366,0.0009854548,16.95238
6.566648,0.00111809,16.89228
6.59525,0.001310185,16.31839
6.613475,0.001373813,16.19552
6.631904,0.001495264,15.90882
6.650411,0.001619376,15.85423
6.669064,0.001738515,15.08401
6.687408,0.001842409,14.25706
6.704918,0.001893591,13.96361
6.718124,0.001978979,13.40844
6.733046,0.00201261,13.15987
6.761973,0.002079446,12.90594
6.797448,0.002097968,11.35291
6.829079,0.00207546,10.85719
6.844397,0.002036825,10.40034
6.862154,0.001992799,10.02903
6.875302,0.001967758,10.17339
6.891796,0.001938984,10.04029
6.911286,0.001893885,9.794777
6.927969,0.001845617,9.672127
6.946016,0.001822483,9.631012
6.967473,0.001756277,10.07482
6.988862,0.001767263,10.69879
7.013043,0.001784731,10.24304
7.041727,0.00179613,10.20504
7.06701,0.001817182,10.26952
7.089324,0.001850884,11.30893
7.111797,0.001884751,12.97478
7.129912,0.001907088,13.20842
7.147396,0.001956787,13.06372
7.167274,0.001991667,13.27624
7.186646,0.002013221,13.83671
7.209263,0.002034862,14.06254
7.229736,0.002076142,14.56092
7.250538,0.002118163,14.72866
7.271177,0.002165843,14.91931
7.292764,0.002242174,15.70339
7.311658,0.002339818,16.42448
7.333044,0.002522957,17.36878
7.370715,0.002600081,17.61519
7.38498,0.002614897,18.00397
7.404771,0.002662502,18.49054
7.417322,0.002694953,18.85019
7.435163,0.002700049,18.88298
7.453137,0.002687361,19.2012
7.471469,0.002679214,19.19347
7.494267,0.002674855,19.43863
7.51805,0.002660751,19.22142
7.558764,0.00248199,18.05817
7.582245,0.002354581,17.77124
7.604945,0.002185255,17.36967
7.627291,0.001985643,16.69081
7.648455,0.001693811,16.44558
7.671227,0.001511864,16.40009
7.694093,0.001348689,16.14781
7.7129,0.001202807,15.91334
7.729378,0.001152392,15.78891
7.743686,0.001113035,15.92741
7.758496,0.001110088,16.18758
7.775335,0.001138926,16.04085
7.795434,0.001218121,15.87617
7.81329,0.00129658,15.82072
7.832109,0.001457833,16.05659
7.850488,0.00157997,16.24306
7.874317,0.001651675,16.04295
7.894139,0.001709793,15.84775
7.914056,0.001731288,15.72998
7.93355,0.001835242,15.73098
7.956123,0.001881219,15.86502
7.978396,0.001950718,16.31353
8.006243,0.002127938,17.25122
8.033808,0.002357773,17.48171
8.06684,0.002622094,17.63259
8.091686,0.002810713,17.19654
8.112429,0.003022436,16.72334
8.126966,0.003266916,16.2055
8.142352,0.003387041,15.59728
8.156137,0.003645834,14.92995
8.17291,0.003749188,14.28732
8.192055,0.003986154,13.94481
8.209727,0.004229289,13.20319
8.224977,0.004330669,12.84522
8.239737,0.004508898,12.04517
8.260242,0.004600696,11.68629
8.27835,0.004906811,10.52644
8.297375,0.004985653,10.16815
8.312778,0.005118642,9.37365
8.330139,0.005179033,9.029152
8.348129,0.005282696,7.941391
8.365757,0.005356014,7.220413
8.378176,0.005389579,6.907684
8.392826,0.005409852,6.577911
8.410363,0.005464103,5.957115
8.428336,0.005437825,4.986916
8.448619,0.005359974,4.423187
8.470438,0.005273007,3.864777
8.492185,0.00523125,2.733955
8.534077,0.005071539,0.7968445
8.553639,0.004954647,0.00705719
8.576814,0.004788112,1.620705
8.623096,0.004554238,3.790604
8.639205,0.004465468,4.332932
8.652913,0.00425148,5.457603
8.670114,0.004131775,5.980644
8.688087,0.003884647,7.082176
8.703959,0.003624838,8.223938
8.722734,0.003383975,9.335724
8.73748,0.003262743,9.914063
8.751224,0.003113542,10.52623
8.768099,0.002778258,11.71592
8.786064,0.002451632,12.94011
8.804371,0.002302669,13.19769
8.824454,0.002026323,14.36089
8.841644,0.001759108,15.50501
8.861033,0.001525156,16.65586
8.878423,0.001414489,17.27731
8.894735,0.00122707,18.14484
8.915666,0.001081664,19.29895
8.94224,0.0008766763,20.75426
8.963033,0.0007436946,21.56825
8.981641,0.0006143749,21.99847
9.001009,0.0004740283,23.14153
9.023337,0.0003108606,23.85728
9.045898,0.0001065992,24.99386
9.066269,0.0001127124,26.06197
9.098037,0.002262667,13.18214
9.11651,0.002208925,13.26211
9.137635,0.002123486,13.30484
9.154521,0.002087098,13.34409
9.170882,0.002033346,13.32385
9.182587,0.002003037,13.35783
9.199678,0.001952368,13.32279
9.218574,0.001931975,13.35108
9.238099,0.001915559,13.31531
9.258026,0.001866978,13.28684
9.275172,0.001740327,13.30965
9.294425,0.001591663,13.2921
9.313732,0.001528486,13.28123
9.332709,0.001417073,13.25705
9.357471,0.001275093,13.25152
9.375806,0.001199013,13.22172
9.393641,0.001175198,13.23808
9.410866,0.001180995,13.20301
9.428823,0.001189864,13.20577
9.448128,0.001210133,13.21587
9.469098,0.001274954,13.25845
9.489274,0.001307203,13.2829
9.504405,0.001330447,13.33704
9.521731,0.001235648,13.37264
9.546443,0.001082429,13.43697
9.575747,0.0008717636,13.4037
9.596547,0.0008076416,13.39412
9.612941,0.000710101,13.41807
9.630252,0.0006728247,13.4157
9.649609,0.000592068,13.40766
9.668018,0.0005081824,13.4449
9.686011,0.0004449414,13.46234
9.700356,0.0004245958,13.48595
9.715202,0.000378199,13.48143
9.730216,0.0003442022,13.50097
9.746421,0.0003091301,13.51736
9.785212,0.0006455752,13.57144
9.821518,0.0008084278,13.61074
9.843224,0.001011245,13.63472
9.862373,0.001239077,13.66102
9.881005,0.001352132,13.66241
9.900802,0.001765467,13.69614
9.920441,0.001915463,13.71638
9.939533,0.002267602,13.40497
9.954557,0.002666214,13.41785
9.972461,0.00308636,13.44174
9.984824,0.003295278,13.45829
10.00206,0.003498921,13.47318
10.01682,0.003910485,13.49143
10.03547,0.004280792,13.51495
10.05556,0.004658029,13.53104
10.07335,0.004829611,13.54271
10.09006,0.005167265,13.5662
10.10985,0.005466552,13.58148
10.12355,0.005735484,13.60599
10.13855,0.005865031,13.61229
10.15633,0.006078122,13.63179
10.19305,0.006310001,13.66193
10.21069,0.006427279,13.69265
10.22821,0.006481348,13.71164
10.24564,0.00661509,13.7532
10.2642,0.006746329,13.79932
10.28034,0.006824585,13.82544
10.29226,0.006954595,13.54207
10.30793,0.007021069,13.58397
10.32695,0.007162915,13.30667
10.3461,0.007335711,13.03377
10.36444,0.007493149,12.78176
10.4021,0.007651863,12.23339
10.42295,0.007735751,11.99456
10.44162,0.00782602,11.76186
10.45852,0.007889208,11.16756
10.47641,0.007895291,10.87151
10.49465,0.007890936,10.57237
10.51306,0.007852197,10.68224
10.52858,0.007772186,10.4264
10.54352,0.007699335,10.46287
10.56487,0.007546761,10.21174
10.59409,0.007203599,9.953902
10.61416,0.006937024,9.660172
10.63773,0.006644805,9.68909
10.65673,0.006338687,9.447976
10.67216,0.006186458,9.434714
10.6875,0.00588206,9.515332
10.70664,0.005615436,9.595258
10.72392,0.005481265,9.316838
10.74214,0.00524768,9.462279
10.761,0.0005126037,23.11688
10.78029,0.0006328858,21.33094
10.80171,0.0007924214,19.90376
10.82024,0.001000624,18.53107
10.83961,0.001249015,17.26533
10.85844,0.001381446,16.69453
10.875,0.001681,15.57623
10.89268,0.002009708,14.52435
10.91132,0.002182584,14.01146
10.92961,0.00250569,13.09636
10.94677,0.002826449,12.26856
10.97824,0.003269345,11.06304
10.9925,0.003503181,9.933609
11.0108,0.003717259,9.731125
11.03313,0.003927428,8.772446
11.05065,0.004010186,8.607323
11.07057,0.004140195,7.912979
11.08453,0.004292723,7.151138
11.10256,0.004385669,6.845024
11.12105,0.004542667,5.945221
11.13797,0.004680399,5.336159
11.15656,0.004756562,4.970291
11.17389,0.004929941,3.921967
11.1891,0.004949296,15.34014
11.20528,0.004883524,15.66802
11.23526,0.005414356,1.242142
11.25616,0.005646758,0.5895996
11.2724,0.005869824,0.07888794
11.29094,0.005982347,0.4724045
11.30859,0.00618628,0.9358673
11.3266,0.006310917,1.580544
11.34058,0.006354481,1.745224
11.35512,0.006395467,1.864258
11.3707,0.006450798,1.969833
11.39219,0.006463472,2.044403
11.41141,0.006389201,2.08651
11.44632,0.006024145,0.7284775
11.46644,0.005840085,0.3970184
11.4848,0.005740166,1.140984
11.50165,0.005484805,2.605202
11.5203,0.005179457,4.498802
11.53925,0.005029619,4.951546
11.55962,0.004736643,6.107368
11.57866,0.004417554,7.159302
11.5969,0.004099656,7.902061
11.62205,0.003902994,8.700058
11.64743,0.003920443,9.351952
11.66309,0.00403358,10.17252
11.67872,0.004126742,10.70978
11.69527,0.00438932,11.39195
11.71298,0.004590023,11.48576
11.73041,0.005056147,11.98983
11.74938,0.005648974,12.39048
11.76784,0.0063457,12.45596
11.78588,0.0067426,12.16496
11.80125,0.007558204,12.04979
11.82504,0.008425321,11.9275
11.84658,0.009808727,11.58048
11.86538,0.01029374,11.39519
11.88432,0.01118749,11.14998
11.90219,0.01214978,10.6775
11.92342,0.0130617,10.3905
11.9418,0.0134975,10.47013
11.95903,0.01420354,10.39021
11.97665,0.01480031,11.14846
11.99446,0.0150939,11.38351
12.01266,0.01557947,11.54062
12.02763,0.01592359,12.02497
12.05506,0.01609167,12.91265
12.07494,0.01616791,13.52073
12.09332,0.01612659,14.1671
12.11007,0.01590081,14.85562
12.13346,0.01535776,15.75474
12.17161,0.01467638,17.043
12.18952,0.01440802,17.44098
12.20682,0.01383619,18.28436
12.22422,0.01327684,18.83732
12.24532,0.01274016,19.32197
12.26495,0.0121236,20.02561
12.28293,0.0117765,20.01402
12.30132,0.01108583,20.29713
12.31839,0.01031715,20.47581
12.33815,0.009473491,20.33189
12.35674,0.008984871,20.56516
12.37438,0.008037023,20.73701
12.39214,0.007103167,20.65223
12.41013,0.006642684,20.87782
12.42822,0.00563636,21.13898
12.44734,0.004564162,21.36109
12.47141,0.003586758,21.36081
12.48984,0.002553485,21.49193
12.50875,0.001582779,21.79848
12.52601,0.0007203408,21.75096
12.54042,0.0002659857,21.60287
12.55651,0.0006095842,20.84773
12.57122,0.001043811,20.89986
12.58957,0.00184745,20.3908
12.60817,0.002542604,19.88465
12.62494,0.003198951,18.98132
12.64642,0.003858715,18.23669
12.66469,0.004477967,17.66684
12.68444,0.00503714,16.88554
12.70277,0.005300142,16.44056
12.7205,0.005818594,15.17397
12.73906,0.006077442,14.69174
12.75697,0.006505623,13.48363
12.7748,0.00688488,12.50296
12.79278,0.007231917,11.6202
12.81026,0.007387005,11.29445
12.8275,0.007685795,10.51311
12.84888,0.007950384,9.742149
12.86866,0.008152425,8.704529
12.89327,0.008330669,8.149391
12.912,0.008380964,7.656403
12.92942,0.008414991,7.68988
12.94695,0.008489944,7.565239
12.96498,0.008526448,7.087898
12.98363,0.008542206,6.400688
13.00347,0.008519817,6.260742
13.02117,0.0084862,6.11676
13.03878,0.008380484,6.043228
13.05544,0.008194935,6.035179
13.07082,0.007941972,5.747734
13.10143,0.007599413,5.848007
13.11943,0.007143099,6.215309
13.14297,0.006302334,6.21273
13.16547,0.005621504,6.713966
13.1818,0.005292825,7.096588
13.19569,0.004617143,7.635292
13.21822,0.004081562,8.354973
13.23396,0.003824428,8.282043
13.25038,0.003337063,8.982773
13.2671,0.003064334,9.435127
13.28565,0.002588596,9.697258
13.30672,0.00230322,10.02905
13.34067,0.002098117,10.67714
13.3594,0.002039541,11.38641
13.37855,0.002053462,11.83044
13.39761,0.002153929,12.4012
13.41658,0.002254307,12.55785
13.43724,0.002337359,13.1669
13.45635,0.002383359,13.42912
13.47434,0.002414599,13.62757
13.49274,0.002564091,13.64579
13.51359,0.002773605,14.3772
13.53444,0.002917755,14.81687
13.55605,0.003031932,15.13055
13.57303,0.003275193,15.31255
13.59374,0.003628757,15.48719
13.61376,0.00387197,16.14374
13.63557,0.004048228,16.47942
13.65805,0.004251275,16.71701
13.67834,0.004430737,17.31082
13.69514,0.004506767,17.8755
13.71438,0.004527241,18.06479
13.72934,0.004535921,17.98613
13.74573,0.004552212,18.42403
13.76342,0.00451903,18.70022
13.78089,0.004482552,18.87835
13.79922,0.00434313,19.01759
13.8174,0.0042415,19.2019
13.83732,0.004216217,19.28344
13.85615,0.004176818,19.93454
13.87648,0.004107293,20.30251
13.89474,0.00404248,20.59094
13.91532,0.004009519,20.911
13.93417,0.004006695,21.26246
13.95452,0.004008621,21.73579
13.97157,0.004032291,21.82893
13.98885,0.004066538,21.8384
14.00464,0.004075866,21.81644
14.02351,0.004050307,22.30672
14.04138,0.003930554,22.68935
14.06452,0.003827311,22.79281
14.08567,0.003782656,22.63918
14.10562,0.00371198,22.41829
14.12533,0.00358453,22.42154
14.14561,0.003472976,22.05365
14.16492,0.003518738,21.97838
14.18379,0.003586467,21.81211
14.20275,0.003715049,21.73615
14.21984,0.003796559,21.33128
14.23838,0.003854699,20.27901
14.25757,0.0038816,19.89497
14.27606,0.003938414,18.98409
14.29396,0.003975224,18.30171
14.31439,0.003955293,17.76263
14.33672,0.003875338,16.95834
14.35504,0.003765278,15.98463
14.37144,0.003697012,15.53539
14.38963,0.003482115,14.92488
14.40785,0.003165014,14.45709
14.42587,0.00278357,13.97401
14.44509,0.002590779,13.87054
14.46195,0.002260834,13.45617
14.47588,0.002103116,13.17001
14.49204,0.001805615,13.22897
14.5288,0.001220658,13.1417
14.55189,0.001057412,12.8914
14.57035,0.001011349,12.84868
14.58741,0.0009746403,12.76661
14.61142,0.000927072,12.73464
14.63178,0.0009141304,12.58622
14.64872,0.0009280406,12.34678
14.67674,0.001067579,11.8309
14.69459,0.001138888,11.48277
14.7121,0.001163796,11.09408
14.72649,0.001202039,10.34565
14.74216,0.001212731,10.30876
14.76436,0.001207352,9.85421
14.77847,0.00118266,9.408379
14.79572,0.001176875,9.057693
14.8162,0.001174405,8.499336
14.83289,0.001168448,8.264496
14.8515,0.001071818,8.137131
14.86968,0.001004413,7.971046
14.88833,0.0008185357,7.417709
14.90755,0.0006709956,6.990784
14.92584,0.0005609058,6.540894
14.94471,0.0004868433,6.132965
14.96548,0.0001073033,5.839401
14.98493,5.445257E-05,5.778564
15.00318,0.000445798,5.797234
15.01984,0.0008457415,5.796989
15.03945,0.001060251,5.814896
15.05559,0.001528233,6.074997
15.07071,0.001990285,5.890945
15.08553,0.002208464,5.923363
15.10128,0.002627291,5.548943
15.12055,0.002850384,5.253021
15.13911,0.003308352,4.459396
15.15513,0.003750592,3.608238
15.17999,0.004147019,2.1511
15.19907,0.004566211,0.6611176
15.21656,0.004793424,0.0712738
15.23238,0.005285103,1.112793
15.25058,0.005880054,2.694725
15.27218,0.006550808,4.138458
15.28975,0.006896485,5.025558
15.30753,0.007718198,6.636986
15.32597,0.008580547,8.313286
15.34472,0.009504911,9.870468
15.36343,0.01047904,11.478
15.38626,0.01145389,13.26617
15.4043,0.024335,9.569696
15.42268,0.02456018,9.493699
15.44069,0.02497899,9.217421
15.46424,0.02534539,8.928036
15.48089,0.02563941,8.666101
15.49896,0.02588723,8.380635
15.51832,0.02596492,8.32407
15.53457,0.02607689,8.201404
15.55443,0.02617229,8.231799
15.57211,0.02627706,8.108909
15.59488,0.02638197,7.85298
15.61516,0.02647101,7.746332
15.63666,0.0266165,7.472441
15.65628,0.02684944,7.355434
15.68365,0.02744987,6.974346
15.7183,0.02783418,6.845501
15.73832,0.02829994,6.730884
15.75504,0.02858245,6.66821
15.77059,0.02920814,6.410899
15.7875,0.02955426,6.347612
15.80578,0.0302117,6.078155
15.82217,0.03086171,5.807651
15.84093,0.03150486,5.640384
15.86237,0.03213961,5.760855
15.88289,0.03270704,5.913142
15.89983,0.0329809,6.076381
15.9195,0.03348622,6.431449
15.9369,0.03396153,6.644906
15.95576,0.03440001,6.861328
15.97666,0.034762,6.969591
15.99428,0.03518998,6.762743
16.01411,0.03539549,6.649656
16.03243,0.03584132,6.430322
16.05172,0.03619951,6.202354
16.07056,0.03652696,6.176602
16.08848,0.03671554,6.225985
16.10725,0.03712714,6.141653
16.12677,0.03747044,6.186339
16.14715,0.03766593,6.591272
16.16569,0.03777997,7.113395
16.18741,0.03780937,7.676162
16.20583,0.03772635,7.988392
16.22569,0.03747028,8.265458
16.24345,0.03729257,8.480635
16.26191,0.03684802,8.136197
16.28072,0.03630308,7.958011
16.29845,0.03560763,8.10622
16.31348,0.03519892,8.5504
16.32846,0.03436534,9.317999
16.34157,0.03391346,9.814819
16.35903,0.03301111,10.28993
