New Try
New Try
New Try
New Try
New Try
New Try
New Try
3.6467,0.01931373,4.492657
3.669627,0.01882105,4.434779
3.704547,0.01866759,4.422484
3.731142,0.01857017,4.432217
3.75922,0.01820227,4.445939
3.783061,0.01792603,4.432394
3.812742,0.01749813,4.448229
3.840082,0.01724534,4.462517
3.866254,0.01707694,4.493747
3.89512,0.01716404,4.520257
3.921501,0.01728037,4.533281
3.948306,0.01759312,4.548035
3.979422,0.01806937,4.560379
4.010139,0.01853431,4.578426
4.046285,0.01894887,4.613842
4.076753,0.01906504,4.629186
4.105629,0.01910272,4.627619
4.136063,0.0190315,4.638992
4.164606,0.01891112,4.644478
4.192803,0.01883529,4.653242
4.223507,0.01880975,4.667827
4.25575,0.01887649,4.678642
4.282578,0.01899124,4.682116
4.31147,0.01936924,4.705237
4.3433,0.0196727,4.710313
4.37166,0.02024503,4.710563
4.4016,0.02078712,4.716174
4.429291,0.02119035,4.723312
4.460444,0.0213541,4.730482
4.486643,0.02156655,4.733048
4.513109,0.02184784,4.740038
4.540956,0.02200065,4.748668
4.567251,0.02217795,4.759546
4.612732,0.02237407,4.763536
4.638982,0.02241209,4.766702
4.669982,0.02254605,4.79236
4.699483,0.02257197,4.819589
4.731534,0.02251225,4.83424
4.760227,0.02236832,5.191464
4.792339,0.02210012,5.181113
4.821675,0.02191001,5.187047
4.849467,0.02168768,5.194483
4.879635,0.02118016,5.201871
4.906164,0.02080483,4.876886
4.930992,0.02057916,4.546355
4.959966,0.02016623,4.214589
4.986506,0.01990015,4.222806
5.015142,0.01943222,4.23022
5.045975,0.0192046,4.235078
5.075462,0.01889412,4.271318
5.109744,0.01855246,4.375198
5.13891,0.01832688,4.422307
5.166428,0.01801515,4.147654
5.193958,0.01762919,3.823567
5.221006,0.01736616,3.827969
5.251797,0.01706532,3.104254
5.27841,0.01693483,3.066118
5.310904,0.01651026,2.989896
5.342362,0.01638396,2.63923
5.36963,0.01620723,2.294905
5.397811,0.01594508,2.286874
5.425523,0.01568989,1.61034
5.451154,0.01531267,1.627626
5.478289,0.01514407,1.650312
5.503951,0.01495438,1.703413
5.532978,0.01477229,1.448614
5.563151,0.01470289,1.507271
5.59197,0.01470541,1.347265
5.618587,0.01466678,1.278401
5.645094,0.01460004,1.390861
5.670757,0.01459745,1.572839
5.698064,0.01466538,1.684931
5.724112,0.01478389,1.865716
5.751696,0.01498956,2.053761
5.779252,0.01515631,2.339921
5.803855,0.01530507,2.469817
5.828393,0.01546684,2.415732
5.856779,0.01564008,2.275119
5.884218,0.01590988,2.080272
5.912571,0.01638867,1.972983
5.940145,0.01667949,2.18928
5.968815,0.01701216,2.249162
5.993077,0.0172394,2.225104
6.019506,0.01737395,2.312746
6.044323,0.01743948,2.510143
6.068244,0.01752933,2.464263
6.094169,0.0043758,12.9107
6.135686,0.004204959,12.12369
6.159811,0.004083231,11.36076
6.186887,0.004125044,10.28212
6.212775,0.004160941,9.47789
6.241278,0.004080821,8.962616
6.26706,0.004110891,8.367111
6.294875,0.004336089,7.717941
6.320544,0.004509933,7.6558
6.345659,0.004767749,7.231018
6.373816,0.005057361,6.416321
6.404754,0.005259883,5.975708
6.429106,0.005399052,5.669365
6.454793,0.005672596,5.123932
6.481603,0.005862974,5.323334
6.507663,0.006125219,5.682274
6.533775,0.006395672,5.675888
6.564071,0.006591048,5.792297
6.59334,0.006678861,5.92263
6.623768,0.006801303,5.595032
6.648761,0.006987415,5.589569
6.675579,0.007094756,5.424232
6.702462,0.007202365,5.268913
6.731749,0.007257007,4.807877
6.758488,0.007297013,4.888466
6.782854,0.00735518,5.433846
6.810925,0.007433865,4.533302
6.83908,0.007471789,3.947708
6.869156,0.007468596,3.843628
6.904249,0.007469244,3.000305
6.929684,0.007466052,2.103775
6.956798,0.007472456,0.7382507
6.982448,0.00747272,0.1551132
7.008945,0.007449742,0.9464798
7.034174,0.007500518,2.082024
7.063851,0.007527232,2.542793
7.089433,0.007558331,3.735603
7.115339,0.007626172,4.507469
7.14283,0.00766797,5.368484
7.168064,0.007640447,6.508125
7.193653,0.007597473,6.809433
7.220603,0.007547494,7.169136
7.244313,0.007555656,7.811378
7.273091,0.007688086,8.582542
7.30085,0.007798895,8.804436
7.329463,0.007778551,9.285034
7.356356,0.007801834,9.429634
7.389035,0.008034158,9.862671
7.418561,0.008264195,10.92304
7.447571,0.008341651,11.92294
7.47905,0.0084791,12.20996
7.504503,0.008523829,12.88133
7.530437,0.008462448,14.4063
7.577075,0.008334395,14.97983
7.603047,0.008223891,15.67923
7.628464,0.008052483,16.28334
7.657112,0.007715311,16.52428
7.689513,0.007351581,17.18916
7.715312,0.006935887,18.77515
7.743685,0.006497115,18.90066
7.770932,0.006033339,18.99705
7.802504,0.00549496,20.29126
7.830294,0.00514175,20.99862
7.858819,0.004553333,20.49179
7.890667,0.003963362,21.10192
7.92096,0.00332709,21.56931
7.949166,0.002913758,21.40526
7.976349,0.002386596,21.15459
8.002269,0.001887903,21.42478
8.026749,0.001584474,21.1988
8.052014,0.001148865,19.753
8.079138,0.0008882284,19.55498
8.110661,0.0004356503,20.19496
8.139346,0.0002913699,19.89628
8.162932,0.0001428463,19.16714
8.188918,4.961714E-05,19.18214
8.214954,3.039464E-05,18.20609
8.245104,7.919222E-05,17.53738
8.272458,0.0001239814,17.40841
8.29927,0.0002043359,16.51584
8.330453,0.0003142282,15.08808
8.360159,0.0004202127,14.60525
8.389457,0.0005531535,14.65245
8.417581,0.0006512217,14.15243
8.444992,0.0007813387,13.63654
8.472427,0.0009250343,14.10048
8.500162,0.0009939633,14.43143
8.529902,0.001012687,14.18599
8.557542,0.001040578,14.33791
8.584885,0.001090068,14.06781
8.612169,0.001038175,14.24911
8.639248,0.0009602979,14.84124
8.662951,0.0008927286,14.43037
8.688275,0.0008523762,14.33515
8.714533,0.0007264838,14.99447
8.748796,0.0006067716,15.73893
8.776532,0.0005319342,15.27272
8.804997,0.0004952736,16.4141
8.832131,0.0004953854,17.09806
8.860239,0.0005041137,17.75385
8.889523,0.0005279295,18.41579
8.915048,0.0005843639,19.06419
8.94076,0.0007088259,19.06386
8.971464,0.0008274689,19.08133
8.993188,0.001115933,19.29118
9.016604,0.001392063,19.47314
9.03801,0.002042975,18.46926
9.070733,0.002224375,18.52781
9.088385,0.002561234,18.93234
9.102445,0.002859823,19.28318
9.120627,0.002995282,19.26151
9.138959,0.003279485,18.89067
9.159575,0.003554828,18.80884
9.183174,0.003809333,18.7478
9.205203,0.004026748,18.5918
9.223695,0.004222307,18.00336
9.240632,0.004411533,17.4414
9.258595,0.004595853,17.21539
9.279595,0.00477238,17.09913
9.304501,0.005010311,16.92547
9.332992,0.005130745,16.56298
9.355382,0.005254179,15.952
9.376533,0.005491387,15.68767
9.402328,0.00566959,15.69582
9.424565,0.005865864,15.75406
9.445948,0.006096549,15.91447
9.467191,0.006360844,16.0905
9.486378,0.006680492,16.36511
9.504039,0.006994858,16.6604
9.523858,0.007303867,16.65789
9.544293,0.007643037,17.00591
9.563682,0.007994592,17.34825
9.58903,0.008504078,17.00297
9.622031,0.008960888,17.34554
9.653332,0.009373963,18.05231
9.682104,0.009739041,17.99226
9.713027,0.01020722,18.26051
9.739792,0.01051351,18.20233
9.773709,0.01105666,19.11166
9.803627,0.01133184,19.48307
9.836397,0.01192389,19.52635
9.865562,0.01218432,20.04738
9.89309,0.01255944,19.58307
9.925967,0.01309337,19.60412
9.958424,0.01362005,20.13976
9.994602,0.01392601,19.25601
10.03144,0.01441139,18.47503
10.06588,0.01471473,18.1327
10.09814,0.0150008,16.86365
10.12904,0.01525027,16.46931
10.15784,0.0153635,16.27889
10.18602,0.01551541,14.88895
10.21607,0.01573537,13.96719
10.2472,0.01591104,13.59582
10.2802,0.01599993,13.22459
10.31036,0.0161501,12.87062
10.34131,0.01624737,12.0902
10.37286,0.01633993,10.99109
10.40612,0.01638989,11.25327
10.44275,0.01639551,10.90526
10.49901,0.01645378,10.08129
10.5342,0.01627756,9.884506
10.56291,0.01620039,9.712852
10.59087,0.01612723,9.242378
10.61897,0.01592146,9.217621
10.64596,0.01579152,9.18782
10.67581,0.01564083,9.244278
10.70532,0.01549496,8.894943
10.73711,0.01537069,7.958145
10.76618,0.01531233,7.570419
10.7964,0.01527024,7.486328
10.82861,0.01522559,6.785179
10.86056,0.01540235,5.504395
10.89136,0.01545383,4.933342
10.91997,0.01544433,4.647148
10.94766,0.0154448,4.007683
10.9739,0.0154106,2.953445
11.0016,0.01528816,2.658661
11.02773,0.0150992,2.628929
11.05686,0.01487041,1.882195
11.08242,0.01467148,1.544586
11.10773,0.01433271,2.006493
11.13584,0.01398848,2.115929
11.1655,0.01367891,1.489578
11.19294,0.01343286,1.036819
11.22146,0.01330084,1.360115
11.24854,0.01305037,1.752174
11.27751,0.01285572,1.563301
11.30532,0.01277218,1.777138
11.33286,0.01270828,2.081085
11.35851,0.01258716,2.500252
11.38866,0.01256317,3.009537
11.41483,0.01259862,3.356827
11.43943,0.0126518,3.84082
11.46408,0.01271144,4.208336
11.49209,0.01296571,4.911835
11.51973,0.01334069,5.682732
11.54413,0.01357454,6.137016
11.5739,0.01403189,6.986496
11.60396,0.01433651,7.468491
11.62853,0.01484011,8.11895
11.65536,0.01514816,8.512276
11.68258,0.0154019,8.85508
11.7084,0.01573678,9.372299
11.73814,0.01608717,9.197899
11.76744,0.01642101,9.421791
11.79378,0.01676465,9.621307
11.82678,0.01707357,9.77816
11.85118,0.01728651,9.767746
11.87507,0.01751431,10.08938
11.89991,0.01779442,10.49686
11.92456,0.01797139,10.10172
11.9487,0.01816982,9.794983
11.99321,0.01872246,9.949974
12.02372,0.01896578,10.07082
12.05523,0.01922878,9.486023
12.09128,0.01951596,9.331657
12.13468,0.01985585,8.55291
12.17315,0.02023135,7.541771
12.20637,0.02055103,7.164925
12.24049,0.0208814,6.485977
12.2751,0.02131759,5.55442
12.30636,0.02166419,5.388924
12.33799,0.02179727,5.221962
12.36425,0.02195928,5.387619
12.39022,0.02217007,5.266006
12.42021,0.0222966,5.763374
12.45098,0.02235791,5.618896
12.48658,0.02244311,5.468613
12.52078,0.02239713,5.845558
12.55263,0.02239261,5.708603
12.58197,0.02236125,5.867989
12.61379,0.02236838,5.743294
12.64212,0.02242416,5.626831
12.67027,0.02265551,5.92765
12.70557,0.02282043,5.750221
12.73702,0.02290692,6.176376
12.77001,0.02310312,6.41098
12.80022,0.02316216,6.164291
12.83266,0.02318827,6.168633
12.86442,0.02321256,5.893188
12.89473,0.02325754,5.458954
12.92968,0.02330928,5.544144
12.95699,0.02335038,5.823021
12.98591,0.02342445,4.814087
13.01295,0.02358416,5.109337
13.04456,0.02368185,5.02742
13.07412,0.02374637,4.530602
13.10626,0.02390147,4.383698
13.1461,0.02394198,4.429543
13.17554,0.02407338,4.539925
13.20517,0.02420868,4.670067
13.23508,0.02408994,4.718903
13.26466,0.02402386,4.794678
13.29059,0.02399031,4.640495
13.32209,0.02393742,4.419434
13.35414,0.02388444,4.348564
13.38111,0.02394137,4.183464
13.40661,0.0239672,4.236076
13.4347,0.02404534,4.359322
13.45893,0.02406455,4.109566
13.48471,0.02398014,4.137344
13.50837,0.02392884,4.179657
13.53449,0.0238976,4.242668
13.56429,0.02378817,4.005051
13.60499,0.02321675,4.132919
13.63327,0.02308789,4.250061
13.66132,0.02275057,4.004158
13.68662,0.02240733,4.074356
13.71078,0.02204281,4.296463
13.73676,0.02185015,4.434952
13.76601,0.021481,4.214218
13.79292,0.02119948,4.402573
13.81955,0.02114343,3.851799
13.84389,0.02103733,3.917282
13.86905,0.02069637,3.925186
13.89299,0.02058085,3.296188
13.91884,0.02053408,3.109428
13.94464,0.02047106,2.85125
13.97387,0.0203916,2.282875
13.99845,0.02027514,1.685226
14.02346,0.01992202,1.404213
14.04837,0.01963726,1.423248
14.07589,0.01915703,1.202484
14.10215,0.01864945,1.024071
14.13494,0.01814724,1.037262
14.15984,0.01790271,0.7595901
14.18856,0.01761534,1.525826
14.21328,0.01752898,2.170418
14.23706,0.01749663,2.559456
14.26222,0.01746872,2.984482
14.28886,0.0174732,3.892929
14.31419,0.01738774,4.839569
14.33905,0.01733969,5.721375
14.36356,0.01729115,7.049911
14.39098,0.01727168,7.657654
14.41725,0.01721535,9.083282
14.44303,0.01723815,10.05025
14.46804,0.01726232,11.39072
14.49125,0.01727988,12.33778
14.51703,0.01725138,13.21689
14.54144,0.01709953,14.35927
14.5686,0.01700034,15.05626
14.60096,0.01697175,16.42429
14.62701,0.02505644,11.64581
14.65808,0.02501275,11.62156
14.71182,0.02550338,11.29236
14.7718,0.02587246,11.27217
14.79923,0.02612506,11.28587
14.82969,0.02636877,11.28366
14.84678,0.0265871,11.2944
14.85947,0.02672854,11.27522
14.87538,0.02698607,11.28236
14.88958,0.0271136,11.30749
14.90244,0.02722046,11.33701
14.91812,0.02747937,11.31075
14.93157,0.02763942,11.29674
14.94391,0.02781115,11.28055
14.96537,0.02816655,11.27985
14.98687,0.02853638,11.34644
15.05112,0.0292986,11.0082
15.08743,0.02963666,11.06432
15.11888,0.02996571,11.02234
15.14877,0.03019966,11.01381
15.17348,0.03059155,11.09194
15.20331,0.03108638,11.0533
15.23429,0.03145225,11.14362
15.26146,0.03172945,11.14424
15.28578,0.03227842,11.19662
15.31114,0.03264768,11.14376
15.33815,0.03306613,11.216
15.36302,0.0333681,11.26058
15.39032,0.03402044,11.29269
15.4204,0.034802,11.32811
15.45076,0.03523339,11.38472
15.4793,0.0357337,11.42656
15.50739,0.03612307,11.44198
15.5349,0.03650678,11.52157
15.56401,0.03678023,11.51343
15.59507,0.03754793,11.4708
15.62492,0.03807115,11.44759
15.66169,0.03905379,11.684
15.6921,0.03975407,11.69032
15.72258,0.04055291,11.63169
15.75334,0.04129571,11.49948
15.78262,0.04170333,11.52525
15.80966,0.04225536,11.45784
15.84175,0.04277527,11.1444
15.87799,0.04369117,11.4473
15.90942,0.04441482,11.46743
15.93665,0.04494796,12.06817
15.96496,0.04522379,12.15406
15.9897,0.04551372,12.13193
16.01788,0.04560484,12.10035
16.04382,0.04568294,12.04051
16.0765,0.04560579,12.15482
16.10654,0.04546684,12.10016
16.14192,0.04515383,12.13734
16.17349,0.04434492,12.06676
16.20395,0.04385488,12.06137
16.23819,0.04269037,12.00535
16.27245,0.04150874,11.90251
16.30595,0.04017372,11.80338
16.33593,0.03864598,11.75872
16.36802,0.0371665,11.80794
16.39684,0.03591321,11.78188
16.42475,0.03512445,11.77477
16.45261,0.03400724,11.73937
16.48172,0.03285488,11.72578
16.51125,0.0316718,11.70035
16.5375,0.03106571,11.66109
16.56519,0.03037433,11.58728
16.59036,0.02938454,11.57129
16.63695,0.02901322,11.54489
16.66315,0.02894332,11.46082
16.69173,0.0288176,11.62622
16.725,0.02864728,11.85569
16.75674,0.02845488,11.81792
16.78486,0.02821456,11.81738
16.81155,0.02777722,11.90374
16.83795,0.02752683,11.9539
16.86694,0.02715626,11.95373
16.89588,0.02670781,11.97398
16.92627,0.02632911,11.90668
16.95448,0.02593461,11.80507
16.98668,0.02546816,11.94387
17.01797,0.02514802,11.97635
17.05097,0.02468806,11.9711
17.08324,0.02418373,11.84868
17.11252,0.02366522,11.8453
17.14872,0.02329054,11.99608
17.17421,0.02317183,12.08899
17.20609,0.02305631,12.10555
17.23361,0.02299577,12.16411
17.26134,0.02294311,12.40262
17.28935,0.02297965,12.50462
17.31543,0.02312968,12.66227
17.34332,0.02307485,12.95905
17.36929,0.02293322,13.0915
17.39316,0.02283728,13.23718
17.41805,0.0227291,13.19112
17.44315,0.02252272,13.34988
17.46905,0.02213185,13.62429
17.49537,0.02185275,13.63172
17.5236,0.02164306,13.68838
17.55124,0.02113834,13.84125
17.57827,0.02083107,13.91549
17.60585,0.02050227,13.81015
17.63312,0.02006478,14.04368
17.65816,0.01979521,14.31989
17.68331,0.01952192,14.21244
17.70966,0.0193223,14.40162
17.73598,0.01890047,15.07083
17.76771,0.01857178,15.13509
17.79357,0.01839479,15.3322
17.81775,0.01811995,15.46121
17.84411,0.01800335,15.82809
17.86869,0.005760506,22.20624
17.89532,0.01773426,16.33598
17.92316,0.005664639,19.87925
17.94973,0.005663514,18.62077
17.97675,0.005684581,18.30679
18.00351,0.005791847,17.75776
18.0325,0.006111663,16.44734
18.05928,0.006315157,15.51031
18.08578,0.006812893,13.30498
18.13335,0.007077087,12.40118
18.15873,0.007338587,11.93947
18.1859,0.007713877,10.95918
18.21069,0.007834442,10.23874
18.23618,0.007929437,9.664185
18.26378,0.008243304,8.969589
18.29066,0.008426789,8.438156
18.32391,0.008447181,7.868721
18.3511,0.008563399,8.015335
18.37856,0.008634359,7.681702
18.4072,0.008624006,7.338737
18.43279,0.008605205,7.261887
18.45923,0.008581549,7.135429
18.48576,0.008581817,6.749649
18.51074,0.008617591,6.226135
18.53711,0.008618083,6.123833
18.56401,0.008581035,5.701706
18.59051,0.008642707,5.43354
18.62093,0.008782096,4.620407
18.64993,0.008844621,3.833282
18.67586,0.008910909,3.038864
18.70186,0.00911475,1.100616
18.73178,0.00922576,0.3413544
18.76204,0.009183671,1.451157
18.78868,0.009200621,2.846161
18.81565,0.009297617,4.434357
18.84603,0.009351924,5.296646
18.87039,0.009459525,5.506691
18.8979,0.009681065,5.858795
18.92368,0.009790055,5.717644
18.95092,0.01002822,4.874771
18.97707,0.01038287,3.986244
19.00102,0.0105748,3.749802
19.02595,0.01065947,3.505287
19.05537,0.01068224,3.004601
19.08193,0.0107441,2.648605
19.10621,0.01081205,2.657646
19.13621,0.01081166,2.596504
19.16246,0.01090614,1.946739
19.18804,0.01111301,1.724197
19.21421,0.01116949,1.902679
19.23973,0.01123262,2.113701
19.26736,0.01149213,1.702492
19.29434,0.01171439,1.915367
19.31801,0.0119126,2.344467
19.34495,0.01197534,2.168762
19.37247,0.01213976,1.175232
19.39812,0.01232316,0.7629395
19.42289,0.01255987,1.59668
19.45009,0.01269979,1.891396
19.48153,0.01294883,0.9697037
19.5055,0.01322151,1.091667
19.53451,0.01372389,2.479134
19.58028,0.01392921,2.561401
19.60408,0.01408483,3.320496
19.63169,0.01423516,4.808144
19.65766,0.01427923,5.433144
19.68769,0.0142888,5.632065
19.71574,0.01423883,6.680336
19.74506,0.01416527,7.563171
19.77264,0.01421119,7.925926
19.80244,0.01428071,8.007561
19.83151,0.01428071,7.673599
19.8598,0.01428045,6.881035
19.89388,0.01421987,6.144325
19.9194,0.01416235,6.127502
19.9461,0.01405467,6.251297
19.97066,0.01394921,5.564781
19.99698,0.01381874,3.949951
20.02216,0.0137292,3.771759
20.04788,0.01346453,4.207207
20.07473,0.01323264,3.866539
20.10551,0.01309089,4.097282
20.13176,0.01299717,4.521492
20.15897,0.01276819,4.527718
20.18425,0.01257689,4.333504
20.20966,0.01243904,4.745644
20.23547,0.01225029,5.974251
20.26365,0.01214804,6.851875
20.28937,0.01200898,7.63221
20.31796,0.01195133,8.406075
20.34582,0.01195413,10.09925
20.37109,0.01200815,11.00951
20.39984,0.01226217,12.30204
20.42797,0.01258454,13.77077
20.45311,0.0128185,14.82685
20.47885,0.01310953,15.40601
20.50426,0.01353439,16.63573
20.53235,0.01399519,18.29345
20.55889,0.01434703,18.93515
20.58448,0.01489814,20.23254
20.61027,0.01524125,20.95931
20.63603,0.01562119,22.70319
20.66388,0.01587686,24.27334
20.68989,0.01624231,26.44044
20.7173,0.01632657,28.06364
20.74682,0.016254,30.0742
20.77305,0.01621749,32.35371
20.79829,0.01607201,33.93681
20.82322,0.01562496,36.09232
20.84901,0.01539065,37.52015
20.8738,0.01517957,39.12396
20.90107,0.0149873,40.05682
20.93048,0.01490764,40.97224
20.95999,0.01511361,41.97821
20.98419,0.01516892,42.52138
21.02746,0.0154305,43.19592
21.05173,0.01571995,43.04713
21.07713,0.01586673,42.56386
21.1028,0.01594588,41.72388
21.13109,0.01606381,39.35498
21.16213,0.01594257,39.61142
21.18824,0.0155505,39.10529
21.21415,0.01520953,36.20345
21.23907,0.01486924,34.89557
21.26523,0.01444642,34.32196
21.29131,0.01382079,33.80711
21.31791,0.01349983,32.6508
21.34611,0.01344372,31.74486
21.38218,0.01319725,30.13966
21.41216,0.01306754,29.70332
21.44177,0.01309745,29.29357
21.46702,0.01306541,28.42986
21.4932,0.01292588,27.30764
21.51733,0.01280898,25.92094
21.54403,0.01276458,25.78496
21.56927,0.01246627,26.46635
21.59737,0.01198207,25.29448
21.62294,0.01167094,24.45338
21.64805,0.01111715,24.93735
21.67323,0.01059591,24.39771
21.69933,0.009972043,23.56641
21.7245,0.009770535,22.64419
21.74941,0.00959992,22.12318
21.77483,0.009189777,21.58972
21.80485,0.008832183,20.50845
21.82931,0.008802138,19.87862
21.85562,0.00878543,18.40839
21.88237,0.008561853,16.68018
21.90815,0.008395605,15.43493
21.93518,0.008416258,13.66334
21.96119,0.008794978,11.40232
21.98669,0.009030323,10.08697
22.01628,0.009240977,8.040764
22.04166,0.009428531,5.865707
22.06619,0.009611353,4.494652
22.09211,0.00987665,1.872314
22.11866,0.01013712,0.4492111
22.14621,0.01053847,1.527344
22.17062,0.01065705,2.863632
22.19608,0.01070148,4.872818
22.22565,0.01074999,6.022751
22.25041,0.01063764,7.199654
22.2766,0.01024554,8.685318
22.3006,0.009818871,9.592537
22.32663,0.009036805,11.21186
22.35069,0.008520067,11.40217
22.37646,0.007652719,10.77238
22.40274,0.007118452,11.75996
22.45027,0.005746327,12.95224
22.47943,0.004814859,12.50917
22.50442,0.00426241,12.944
22.53141,0.003959227,13.91551
22.55697,0.003394846,14.67851
22.58209,0.002961773,14.43711
22.60886,0.002418574,13.54334
22.63787,0.002004914,13.94793
22.66385,0.001651701,13.51758
22.68991,0.00120458,12.70283
22.71662,0.0007904768,12.70496
22.74341,0.00057384,11.8288
22.76753,0.0004168898,10.41041
22.79403,0.0003703721,9.464417
22.81787,0.000287544,8.138763
22.84721,0.0002002455,6.839783
22.87295,6.559119E-05,6.249382
22.89734,0.000156831,5.605721
22.9252,0.0003064312,5.558678
22.95277,0.0005542003,4.477013
22.98417,0.0007997528,4.271866
23.01093,0.0011306,4.53717
23.03957,0.001353346,4.221512
23.06978,0.00154569,4.952827
23.09759,0.001758929,6.19381
23.12803,0.002145641,6.586121
23.15204,0.002306093,6.37291
23.17792,0.002335262,7.279793
23.20445,0.002535399,7.852432
23.23095,0.002661634,6.960152
23.25616,0.002557375,6.352264
23.28516,0.002233401,6.795959
23.31043,0.00181004,7.245445
23.33454,0.001534477,6.831917
23.35995,0.001265701,6.352287
23.38466,0.000824783,5.734367
23.41109,0.0001565292,4.296326
23.43814,0.0002641939,3.654335
23.46278,0.0006816275,3.599503
23.49417,0.0009126775,2.548904
23.51937,0.001018193,2.09491
23.54418,0.001088709,2.287498
23.57034,0.0009675138,2.030594
23.59708,0.0008914284,1.924873
23.62612,0.0007662438,3.052765
23.65281,0.0005119219,4.12854
23.67826,0.0002754703,3.911606
23.70698,2.560392E-05,3.692734
23.73169,0.000218112,4.129013
23.76357,0.0002880394,3.776855
23.79199,0.000443846,3.018196
23.81858,0.0006090663,3.228531
23.84811,0.0008606426,2.360954
23.87526,0.001109116,0.8702087
23.91796,0.001333442,0.06031036
23.94956,0.001522601,0.9198837
23.97479,0.001679599,1.13269
24.002,0.001978498,1.135216
24.02979,0.002129324,1.806267
24.05486,0.002077997,3.022163
24.0801,0.002019685,3.149551
24.10529,0.002134867,4.045921
24.13119,0.002247583,5.018471
24.16154,0.002352849,5.422409
24.18567,0.002535075,5.278595
24.21123,0.002921857,5.816437
24.24102,0.00324152,6.798225
24.26771,0.003529035,7.189217
24.2941,0.003942136,8.045609
24.32048,0.004130714,9.286293
24.3477,0.004263498,10.1705
24.37708,0.004592523,11.43938
24.40395,0.01704311,15.78206
24.42874,0.004959077,13.77076
24.45616,0.01746763,15.74135
24.48424,0.01757871,15.71508
24.50968,0.01786148,15.76487
24.53436,0.0180401,15.7251
24.56255,0.01841643,15.58415
24.59128,0.01901615,15.59297
24.61593,0.01943645,15.55415
24.64217,0.0200085,15.28398
24.66785,0.02029319,15.22251
24.69318,0.02067794,15.23119
24.7195,0.02093824,15.20914
24.743,0.02119031,14.93638
24.76674,0.02131877,14.8814
24.79685,0.02148667,14.93676
24.82454,0.02156011,14.74397
24.84888,0.02180721,14.72302
24.8777,0.02218932,14.70892
24.90373,0.02235578,14.63995
24.92985,0.02262852,14.45866
24.95765,0.02288101,14.53696
24.98577,0.02316107,14.52167
25.02045,0.02344901,14.51923
25.04955,0.02379987,14.53266
25.08294,0.02394156,14.55442
25.11062,0.02414949,14.58302
25.13636,0.02441384,14.56423
25.16043,0.02477189,14.5929
25.18414,0.02494873,14.69233
25.21004,0.02537499,14.73084
25.23736,0.02562302,14.70989
25.2619,0.02575643,14.85748
25.28758,0.02590096,14.84031
25.31608,0.0261876,14.99534
25.36143,0.02617416,15.14065
25.38572,0.02614189,15.19704
25.41146,0.0262534,15.29936
25.44154,0.02634664,15.37761
25.46653,0.02642185,15.43476
25.49396,0.02664699,15.55444
25.52259,0.0268688,15.67869
25.54984,0.02695744,15.75843
25.57707,0.02697538,15.86828
25.60645,0.0270529,15.9579
25.63415,0.02719397,16.04672
25.66589,0.02718968,14.301
25.69472,0.02715585,13.05933
25.72093,0.02737794,12.7023
25.74773,0.02783142,13.43584
25.77689,0.02807062,13.93846
25.80752,0.0283213,14.25234
25.83689,0.02844031,14.4126
25.86894,0.02846811,14.06581
25.89594,0.02841194,13.78498
25.92262,0.02835716,13.82345
25.94701,0.02841169,13.91248
25.97281,0.02856539,13.50933
25.99713,0.02864554,13.61268
26.02522,0.02877398,13.79591
26.05265,0.02908529,13.49109
26.08405,0.02941865,13.35915
26.11533,0.02964123,13.37586
26.14605,0.0298323,13.15372
26.17103,0.03025353,12.63776
26.19671,0.03051981,12.68168
26.22181,0.03075854,12.53449
26.24692,0.0309343,12.44133
26.27553,0.03130959,12.44828
26.30742,0.03169231,12.46826
26.33401,0.03197646,12.23072
26.36032,0.03216093,12.15093
26.38873,0.03241527,12.3585
26.41598,0.03261399,12.16799
26.44291,0.03270806,11.99797
26.46895,0.03276658,12.14119
26.49545,0.03298981,12.36279
26.52759,0.03340472,12.59889
26.55373,0.03372243,12.34376
26.57918,0.03390893,12.49321
26.6045,0.03433738,12.75513
26.63235,0.03470995,12.6852
26.65822,0.03481115,12.69188
26.68424,0.03497599,12.94243
26.70853,0.0351532,13.12529
26.73688,0.03548397,12.91295
26.76293,0.03573147,13.10315
26.79045,0.03613168,13.40775
26.8399,0.03698638,13.31705
26.8648,0.03751257,13.1828
26.89074,0.03781705,13.11532
26.91808,0.03817655,13.03698
26.94569,0.03851826,12.9722
26.97304,0.03878297,12.94717
26.998,0.03906929,12.70015
27.02386,0.03918874,12.301
28.19191,0.0460669,9.538855
28.21646,0.05347195,9.598269
New Try
New Try
New Try
New Try
New Try
New Try
New Try
New Try
2.904361,0.01329816,5.812711
2.926892,0.01276828,5.934915
2.953246,0.01251569,6.241396
2.978474,0.01219389,6.298993
3.003391,0.01204397,6.331437
3.03312,0.01192913,6.258743
3.059254,0.01197705,6.190236
3.087814,0.01201134,6.4935
3.11638,0.01205403,6.57101
3.143131,0.01218806,6.459742
3.171008,0.01226074,6.43721
3.194986,0.01228271,6.633445
3.22342,0.012191,6.746077
3.25254,0.01202315,6.654049
3.283357,0.01186283,6.522395
3.313522,0.01149677,6.223213
3.34077,0.01106829,5.946167
3.36956,0.01064969,5.703583
3.402907,0.01034038,5.82302
3.430973,0.01024245,5.786756
3.459941,0.01020057,5.806402
3.489682,0.01024894,5.831127
3.5206,0.01037154,5.859329
3.549983,0.01051176,5.89558
3.577269,0.01058764,6.253039
3.611494,0.01048535,6.07896
3.657912,0.0104095,5.990049
3.68653,0.01035286,6.290365
3.715655,0.0102315,6.160648
3.743445,0.01007049,6.089336
3.772527,0.01001619,5.98019
3.79946,0.009953381,5.91586
3.831082,0.009794709,5.82911
3.857227,0.009693285,5.746957
3.885488,0.009588395,5.711584
3.912857,0.009421946,5.651596
3.939323,0.009273133,5.631412
3.967018,0.009175045,5.620822
3.991085,0.009037735,5.584758
4.019525,0.008599025,5.579737
4.049548,0.008431171,5.582407
4.075027,0.008400722,5.59037
4.101044,0.008486968,5.599022
4.1259,0.008490635,5.335645
4.153057,0.008327914,5.8818
4.177653,0.008113232,5.957891
4.203242,0.008013112,5.915661
4.228031,0.00791817,5.80782
4.257732,0.007655363,5.62009
4.28622,0.007628732,5.531268
4.31335,0.007614402,5.420325
4.337345,0.007592541,5.395321
4.362046,0.0076124,5.367319
4.386987,0.007731645,5.353756
4.412176,0.007825478,5.3348
4.436055,0.007935082,5.30345
4.466014,0.007978774,5.306257
4.491492,0.00802681,5.252364
4.517557,0.00804553,5.201419
4.544202,0.008000834,5.104151
4.570468,0.007976748,5.050241
4.595236,0.007925122,5.346797
4.620417,0.007840211,5.321082
4.645525,0.007705768,5.284721
4.675339,0.007629234,5.244188
4.703475,0.007476641,5.204244
4.732681,0.007279322,5.17994
4.755819,0.007069761,5.159398
4.782894,0.006679309,4.471112
4.809947,0.006194797,4.151525
4.836039,0.005903818,4.165841
4.860683,0.005734483,4.179639
4.889852,0.005484017,4.204307
4.917611,0.005175245,4.246347
4.945164,0.005007322,4.277549
4.971378,0.004854095,4.026134
4.999927,0.004880404,3.543261
5.025614,0.00492889,3.60299
5.056049,0.005028998,3.77372
5.100934,0.005267634,3.689129
5.132159,0.005455556,3.613084
5.157104,0.005601281,3.771955
5.184602,0.005593773,3.816185
5.213858,0.00553427,3.854274
5.241357,0.005513075,4.233228
5.268897,0.005435011,4.4594
5.295958,0.005266952,4.610529
5.324343,0.004956942,4.667575
5.356559,0.00467036,4.531683
5.384776,0.0004743077,11.47157
5.410229,0.0003266186,10.49522
5.435444,3.282726E-05,9.449287
5.459836,0.000169687,8.896065
5.485526,0.0003037415,8.591133
5.510316,0.0004372708,7.718163
5.537421,0.0007142201,7.167877
5.567733,0.0009761229,7.120148
5.59585,0.001126111,6.825874
5.620975,0.00147853,6.19445
5.649186,0.001737963,6.649757
5.673926,0.0019501,7.266548
5.701989,0.002082251,6.97023
5.726469,0.002232011,6.564568
5.750527,0.002418686,6.408737
5.779768,0.002687395,6.871948
5.805021,0.002919398,6.022102
5.830624,0.003075544,5.759544
5.859577,0.003251009,5.432922
5.888226,0.003324006,5.023788
5.917305,0.003479671,3.825241
5.942444,0.00360471,3.463272
5.967385,0.003655165,3.12307
5.994189,0.003701296,1.761002
6.020995,0.003600128,0.8717575
6.049077,0.003439464,0.5630722
6.074894,0.003218114,0.3922348
6.104439,0.003055256,1.105705
6.134644,0.002873551,1.346519
6.163097,0.002588272,2.11129
6.191026,0.002411615,2.95752
6.219267,0.002215113,3.543633
6.244229,0.002048228,4.330368
6.269422,0.001906775,5.154419
6.29685,0.001741607,6.279366
6.324263,0.001533572,7.047295
6.353393,0.001309134,7.388634
6.381195,0.001170095,7.905632
6.406172,0.0009527095,9.315826
6.433887,0.0008046292,9.766388
6.460578,0.0006544255,9.863945
6.485433,0.0005745888,10.72883
6.513165,0.0004562251,12.18809
6.55619,0.0005060732,12.48926
6.58322,0.000606861,12.98653
6.612914,0.0007058457,12.56694
6.645744,0.0009276755,12.45583
6.675924,0.001200505,13.0502
6.701161,0.001346409,13.48317
6.727982,0.001628008,13.66992
6.754221,0.001875862,13.80376
6.782115,0.002207126,14.90463
6.809374,0.00236005,14.42204
6.835974,0.002393834,13.73119
6.865649,0.002441611,13.45079
6.890103,0.002450977,12.32426
6.918188,0.002411939,11.47628
6.943471,0.002292007,10.55148
6.968611,0.00218818,9.757454
6.996065,0.002022102,8.675201
7.021969,0.001923539,8.646507
7.047906,0.001847789,9.007233
7.076988,0.001794469,8.964073
7.104782,0.001680657,8.126053
7.134967,0.001620211,7.72422
7.15981,0.001631305,8.305313
7.185188,0.001635846,8.9729
7.210399,0.001565281,8.919014
7.235624,0.001526531,8.413986
7.261753,0.001492724,9.129265
7.29283,0.001477808,9.537231
7.318485,0.001488775,10.20141
7.345542,0.001548011,11.13013
7.371305,0.001590002,11.9957
7.397619,0.001599278,12.17905
7.423802,0.001626916,12.66418
7.449275,0.001639709,13.27673
7.476873,0.001638498,13.87875
7.505476,0.001620308,14.1914
7.533813,0.001578674,15.19733
7.561084,0.001521416,15.85135
7.589079,0.001318581,16.1612
7.617171,0.001036644,16.53538
7.64916,0.0006508976,17.91756
7.681129,0.0004039407,17.87881
7.712511,1.068413E-05,17.12923
7.742536,0.000374876,18.09523
7.767123,0.0007667653,17.93418
7.792117,0.001030166,17.84929
7.817273,0.001416449,17.46638
7.841635,0.001672972,17.74635
7.866509,0.002034809,17.65152
7.894566,0.002344903,18.14896
7.929722,0.002587717,17.94593
7.954587,0.002734076,17.46442
7.981525,0.00292727,17.55773
8.029945,0.003143068,17.60516
8.059376,0.003248125,18.02883
8.090958,0.003389034,17.18712
8.121448,0.003535777,17.08222
8.159483,0.003633421,17.87276
8.187798,0.003671076,18.39838
8.21391,0.003795471,18.25302
8.238895,0.003955632,19.06742
8.265829,0.00404685,19.2698
8.290249,0.004182599,19.772
8.317564,0.004292693,19.75512
8.342052,0.004499719,19.76125
8.369751,0.004711419,20.26694
8.396764,0.004849005,20.8401
8.424229,0.005006593,21.58191
8.451068,0.005207971,21.16252
8.478717,0.005369302,21.24762
8.504068,0.005559195,21.95163
8.532795,0.005740982,22.02496
8.559775,0.005986094,21.27534
8.588345,0.00621767,21.60056
8.615595,0.00660307,22.21726
8.642635,0.007003725,22.44714
8.671101,0.007310361,22.76527
8.701209,0.0079671,23.60571
8.728456,0.008275747,23.76534
8.756158,0.008701131,24.17195
8.785085,0.009139247,24.97872
8.818013,0.009544365,24.74771
8.845701,0.00995481,24.86008
8.873072,0.01032853,25.69544
8.904221,0.01065151,26.08916
8.94049,0.01103735,25.47366
8.965847,0.01130609,25.62219
8.986496,0.01163937,26.21864
9.006663,0.0118444,26.25992
9.018646,0.01194644,25.80471
9.033694,0.01205072,25.30797
9.049861,0.01227145,25.0024
9.064318,0.01236051,25.12518
9.080184,0.0125034,25.08605
9.097585,0.01261555,25.04207
9.116657,0.01267136,24.88566
9.137994,0.0128855,24.1591
9.161541,0.01303023,23.88963
9.183689,0.01317525,23.92001
9.206614,0.01334838,23.12056
9.231157,0.01348821,22.21847
9.251066,0.01364542,22.25427
9.271854,0.01379018,21.96452
9.296036,0.01405892,21.6222
9.324963,0.01442789,20.67172
9.349957,0.01468818,20.1498
9.389841,0.01510002,19.94654
9.405075,0.0152853,19.71934
9.428604,0.01550652,19.82521
9.46073,0.0158179,19.73727
9.487823,0.01608289,19.2646
9.51434,0.01636681,19.24205
9.543121,0.01658015,19.00692
9.574096,0.0168352,18.08582
9.604627,0.01716917,17.61185
9.638249,0.01746788,17.68462
9.675639,0.01770915,17.70673
9.710122,0.01800686,17.26707
9.743903,0.01810357,17.52621
9.773232,0.01810808,17.17002
9.805305,0.01814101,16.66953
9.834614,0.01804705,16.76843
9.862716,0.01784127,16.56651
9.897254,0.01752057,15.45
9.927398,0.01713942,15.54016
9.956489,0.01668102,15.65681
9.987546,0.01622577,15.13318
10.01714,0.01568061,14.86749
10.04496,0.01527443,14.87835
10.07213,0.01465948,14.58662
10.10316,0.01406065,14.5456
10.13623,0.01344395,14.36694
10.16587,0.01294177,14.30092
10.19648,0.01250924,13.64204
10.2299,0.01226097,12.95747
10.26346,0.01204145,12.6753
10.29832,0.01176134,12.65983
10.33136,0.0116847,11.76838
10.36178,0.01159572,11.88466
10.389,0.01144132,11.97471
10.41608,0.01134634,11.74019
10.44628,0.01120265,10.92769
10.47447,0.01096525,10.43466
10.50389,0.01068003,10.38715
10.5385,0.01041723,10.53809
10.56778,0.01010526,10.6691
10.59944,0.009833101,10.64643
10.63314,0.009578709,9.945801
10.6664,0.009352338,10.64557
10.69872,0.009247955,10.73791
10.72753,0.009220205,10.09119
10.7619,0.009147998,10.32836
10.79053,0.009141639,10.24075
10.81812,0.009104848,9.81221
10.84788,0.00910677,9.58252
10.87456,0.00917878,9.758072
10.90357,0.009292208,10.2447
10.93127,0.009491116,9.797073
10.96393,0.01008364,10.24994
11.00807,0.01036437,10.11626
11.03229,0.01066997,9.700882
11.05608,0.01102576,9.288727
11.08092,0.01158128,9.762383
11.10738,0.01206472,9.457939
11.1354,0.01240186,9.649506
11.16502,0.01280921,10.03019
11.19225,0.013157,9.972504
11.21741,0.01346617,9.71788
11.24811,0.01403857,9.921852
11.27609,0.0142954,9.633888
11.30322,0.0147634,8.978424
11.32935,0.01509516,8.792305
11.35757,0.01540175,9.384827
11.38822,0.01572303,9.36628
11.41625,0.01598751,9.122612
11.4427,0.01628894,8.954262
11.46702,0.01640579,9.255043
11.49345,0.01649664,9.392464
11.51667,0.01657174,9.37767
11.54318,0.01664523,9.389381
11.56715,0.01667532,8.882813
11.59652,0.01670993,9.051231
11.62212,0.01670285,8.965317
11.64659,0.01662695,8.706291
11.67155,0.01659078,8.606934
11.69589,0.01658858,8.492889
11.72461,0.01654417,8.0812
11.75008,0.01644343,7.004707
11.77958,0.01634989,6.273354
11.80999,0.01631204,5.844376
11.83603,0.01625297,5.25264
11.86288,0.01619298,5.075317
11.88816,0.01615415,4.428719
11.91823,0.01612787,4.014984
11.9459,0.01601764,3.671532
11.97354,0.015904,3.796745
11.9976,0.01580367,3.634857
12.02514,0.01572954,2.908646
12.04946,0.01552328,2.765884
12.07759,0.01533542,3.059799
12.10515,0.01502402,2.996254
12.13185,0.01470644,2.879585
12.15937,0.01432503,2.751366
12.18879,0.01411937,3.383415
12.21678,0.01396433,3.293839
12.25001,0.01373373,4.106148
12.27953,0.01357425,4.486069
12.31082,0.01348017,4.526741
12.34021,0.01338487,4.845039
12.36651,0.01334437,4.57724
12.39428,0.01328944,3.995949
12.42199,0.01307443,3.830574
12.47171,0.01263116,3.891266
12.49873,0.01235535,3.623825
12.5229,0.01218795,3.654427
12.54628,0.01199324,3.75914
12.57157,0.01186695,3.820282
12.59723,0.01171816,3.528214
12.62021,0.01153849,3.743713
12.64637,0.01149829,3.980904
12.67477,0.01155169,4.464417
12.69782,0.01161508,4.611313
12.72258,0.01169975,4.986664
12.74844,0.01205356,5.557907
12.77543,0.01232592,5.600731
12.80238,0.012664,5.104973
12.83047,0.01314726,4.336678
12.85572,0.01357859,4.705391
12.88355,0.01424919,5.146362
12.9106,0.01504918,5.017914
12.93385,0.01561502,5.353645
12.957,0.01617357,5.643677
12.98134,0.01693353,5.737679
13.00857,0.01728639,5.692238
13.03454,0.01764061,5.368629
13.06114,0.017842,5.029716
13.09165,0.0178693,5.022461
13.11825,0.01788824,4.868813
13.14351,0.01787626,5.153496
13.16761,0.01783856,4.706345
13.19455,0.0179081,3.807503
13.21998,0.01797844,3.775566
13.24608,0.01804435,3.937492
13.27307,0.01818916,4.489685
13.30298,0.01834229,4.443367
13.33109,0.01850704,5.126091
13.3578,0.01870429,5.807503
13.38872,0.01890288,6.321121
13.41752,0.01917227,6.796822
13.4482,0.01945373,7.678871
13.47877,0.02004208,8.652069
13.50869,0.02024883,9.288788
13.52774,0.0203601,9.310837
13.54628,0.02065911,9.71093
13.5615,0.02104735,10.12172
13.57593,0.02121473,10.46587
13.59112,0.02143411,10.76534
13.60908,0.02160505,11.42765
13.62408,0.02169375,11.71982
13.63691,0.02195763,12.41081
13.65185,0.02209157,12.69738
13.67071,0.02230454,13.27132
13.69044,0.02247848,13.53571
13.71363,0.02266505,14.10883
13.7358,0.02299887,15.02359
13.76079,0.04036283,11.36181
13.82336,0.04083057,11.42539
13.85421,0.04118855,11.14855
13.88389,0.04139577,11.20558
13.92186,0.04161821,10.96236
13.95092,0.04188724,10.94719
13.97939,0.04193274,10.73874
14.00711,0.04187367,10.16022
14.03499,0.04180409,9.814859
14.06168,0.04141502,9.853889
14.08969,0.04058111,9.914529
14.11641,0.03945349,9.882444
14.14505,0.03804454,9.852133
14.17763,0.03641785,9.788801
14.2047,0.03524054,9.725647
14.23526,0.03334665,9.623735
14.26541,0.03111992,9.264653
14.29517,0.02942702,9.269234
14.32761,0.02762755,9.429943
14.35767,0.02657435,9.541842
14.39318,0.02451119,9.142714
14.42518,0.02312486,9.065792
14.45251,0.02206873,9.021404
14.48007,0.02110764,9.008546
14.51017,0.02038741,9.028937
14.53722,0.02009956,8.511078
14.56433,0.01966611,8.723459
14.59983,0.01906918,8.826281
14.63246,0.01884136,8.7998
14.66365,0.018592,8.783355
14.69653,0.01825455,8.897264
14.72593,0.01798441,8.981154
14.75745,0.01769355,8.9034
14.78488,0.01733466,8.912795
14.81901,0.01682764,8.835646
14.85058,0.01661112,8.718234
14.87994,0.01634901,8.73253
14.92474,0.01622213,8.585746
14.95413,0.01614937,8.934701
14.98397,0.01604809,9.146903
15.01116,0.01608712,9.30356
15.04253,0.01657442,9.310022
15.07034,0.01682596,9.328159
15.09773,0.01719537,9.616992
15.12636,0.01770783,9.601444
15.15285,0.01796807,9.644183
15.17914,0.01812826,9.803735
15.20889,0.01807771,9.935096
15.26838,0.01836759,9.970918
15.32981,0.01842568,9.962394
15.35686,0.01847804,10.06398
15.37745,0.01874864,10.20072
15.40134,0.01903647,10.45875
15.46179,0.01957895,10.61739
15.4832,0.01986338,10.65128
15.50694,0.02010803,10.68093
15.52728,0.02043088,10.65665
15.54943,0.02053025,10.75777
15.57249,0.02072441,11.07183
15.59286,0.02077251,11.29015
15.61672,0.02082351,11.34771
15.6391,0.02091163,11.36339
15.65879,0.02091591,11.31973
15.68059,0.02088232,11.51899
15.70428,0.02088802,11.58808
15.72718,0.02097194,11.65746
15.74767,0.02106187,11.56722
15.77046,0.02110167,11.8045
15.78995,0.02112157,11.87456
15.80995,0.02120607,11.94634
15.83026,0.0214357,11.81557
15.85153,0.02156414,11.74056
15.87378,0.02173964,11.64288
15.89324,0.02199445,11.45819
15.91673,0.02224945,11.36018
15.94254,0.02257548,11.39188
15.96237,0.02279416,11.63103
15.98157,0.02291699,11.75016
16.002,0.02335515,11.76633
16.02244,0.02350707,11.71854
16.04183,0.02374882,11.7902
16.06214,0.02388241,12.04161
16.08316,0.02403374,12.43456
16.10478,0.02415494,12.5414
16.12523,0.02419118,12.4983
16.14467,0.02416921,12.46562
16.1652,0.02413933,12.43881
16.18706,0.024113,12.58166
16.21227,0.02402142,12.73354
16.23418,0.02386489,12.71569
16.25598,0.0236985,12.82452
16.27453,0.02365965,12.80073
16.29473,0.02351004,12.8799
16.31772,0.02342514,13.13521
16.34094,0.02342135,13.20872
16.36124,0.02344787,13.27801
16.38364,0.0234758,13.33558
16.40648,0.02351956,13.65597
16.4265,0.02352427,13.8642
16.45007,0.02351478,13.91082
16.47192,0.02350962,14.12996
16.49198,0.02357978,14.0089
16.51414,0.02364794,14.23297
16.53497,0.02363703,14.29801
16.56001,0.02343206,14.48874
16.58141,0.004571214,13.02544
16.60168,0.004868314,12.38591
16.63056,0.005178928,11.2783
16.64875,0.02331043,15.10409
16.66742,0.005660109,9.946548
16.68852,0.005963441,9.324547
16.70701,0.006093264,8.912605
16.72656,0.006277997,8.181915
16.7498,0.006466985,6.770576
16.78203,0.006892204,5.463036
16.8105,0.007023707,4.699745
16.8379,0.007036205,4.271706
16.86358,0.007030178,3.657974
16.895,0.007109031,1.975426
16.92826,0.007139504,1.177811
16.9624,0.007078271,0.3239822
17.00566,0.007058766,1.186668
17.0379,0.007027283,1.760345
17.06326,0.007006124,1.625351
17.08843,0.00698686,1.537285
17.11201,0.006999157,1.821106
17.13578,0.007043023,2.280899
17.16019,0.007072151,1.989334
17.18532,0.007078946,1.779144
17.21164,0.0070947,1.627899
17.23572,0.007146057,1.809631
17.25771,0.007190175,2.052086
17.28036,0.007203601,2.316986
17.30354,0.007266,2.495888
17.32499,0.007363405,2.741272
17.34707,0.007427581,3.452309
17.3695,0.00745051,4.204315
17.39042,0.007517651,4.489426
17.41336,0.007711861,4.835098
17.43225,0.007834259,4.986893
17.4613,0.007905573,5.542931
17.4864,0.007952239,5.775604
17.51105,0.008105613,5.893227
17.53439,0.008527745,5.124039
17.5579,0.008802388,5.140472
17.57887,0.009016007,5.362465
17.60103,0.009231359,5.329201
17.62238,0.009479161,5.097923
17.64269,0.009952094,5.089653
17.66502,0.0102185,5.524414
17.68808,0.0104393,5.907791
17.70875,0.01063267,6.532951
17.7306,0.010808,6.914169
17.75155,0.01098872,7.540878
17.77171,0.01114396,8.088799
17.79572,0.01125095,8.98745
17.81924,0.0112688,9.755737
17.84158,0.01131254,10.10598
17.86534,0.0114407,10.76099
17.89054,0.0114269,11.48605
17.91509,0.01130148,12.31729
17.9465,0.011252,12.35519
17.96555,0.01124135,12.29879
17.98728,0.01109159,12.70456
18.01443,0.01079634,13.74215
18.03881,0.01060647,14.22478
18.0632,0.01045377,14.3748
18.08785,0.01030251,14.92316
18.11105,0.01001457,15.58846
18.13644,0.009813718,16.33926
18.15983,0.009588201,17.12226
18.18349,0.009482883,17.43793
18.20801,0.00940631,17.53403
18.23157,0.009323739,17.55981
18.25729,0.00922814,18.71941
18.28241,0.009256542,18.87945
18.30712,0.009420712,18.54823
18.33102,0.009502061,18.29536
18.35564,0.009550001,18.79099
18.37676,0.009616747,19.26134
18.3973,0.009793974,18.9697
18.41856,0.01020902,18.22809
18.44834,0.01046097,18.3955
18.47241,0.01078048,18.69292
18.49838,0.01104071,18.29604
18.52077,0.0113405,17.06686
18.54182,0.01166166,15.84508
18.56527,0.01203762,15.03693
18.58825,0.0122113,15.31873
18.60842,0.01237649,14.55024
18.62964,0.01252864,13.46766
18.65299,0.01265389,12.58026
18.6733,0.01272024,12.4926
18.69561,0.01272673,12.66319
18.71626,0.01284449,11.8653
18.73668,0.01298534,11.00946
18.7576,0.01312402,10.40118
18.7778,0.01315554,10.30156
18.79984,0.01312253,10.46303
18.82253,0.01308998,10.22424
18.84282,0.01305214,9.973564
18.86563,0.01296486,9.992332
18.88785,0.0128186,9.546631
18.91172,0.01279316,9.192619
18.93425,0.01278304,9.427414
18.9586,0.01270106,9.46656
18.98496,0.01270096,9.556328
19.00835,0.01268155,9.940849
19.03351,0.01264768,10.53782
19.0573,0.01271963,10.97281
19.08216,0.01289598,10.85018
19.10769,0.01315368,11.67078
19.13416,0.01328195,12.52369
19.15804,0.01358782,13.50817
19.18071,0.01404918,13.95861
19.21283,0.01439188,14.55665
19.23415,0.01475478,15.48972
19.25759,0.01528267,17.13885
19.28119,0.01562236,17.91687
19.30458,0.015909,18.34704
19.32692,0.01619724,18.61584
19.35075,0.01663358,20.01162
19.37566,0.01696257,21.4908
19.40061,0.01711963,22.1105
19.42627,0.01734085,22.83529
19.45363,0.01750224,23.58956
19.4786,0.01767331,24.50616
19.50583,0.01775685,24.65945
19.53184,0.01780955,25.29772
19.56075,0.01782307,26.1291
19.58912,0.0177241,26.80914
19.61292,0.01756528,27.32625
19.63671,0.01748566,27.92358
19.65992,0.01752244,28.69555
19.69197,0.01737617,29.25819
19.71733,0.0172286,29.59694
19.74281,0.01728616,30.0798
19.77283,0.01747777,30.51384
19.79805,0.0174544,30.76012
19.82312,0.01739421,30.725
19.85045,0.01738066,30.62442
19.87637,0.01745658,30.15877
19.90603,0.01765054,29.00574
19.9335,0.01762267,28.7508
19.95673,0.01741645,28.13569
19.98231,0.01717097,26.87083
20.00637,0.01697526,25.73363
20.02823,0.01642771,25.86953
20.05437,0.01583299,25.59969
20.0761,0.01490602,24.53178
20.09917,0.01444461,23.63492
20.12407,0.01380542,23.77834
20.1485,0.01334308,24.38816
20.1754,0.01287388,23.39164
20.19824,0.01279364,22.98209
20.21977,0.01278686,22.81465
20.23866,0.01277323,23.07732
20.25839,0.01267704,23.40731
20.2788,0.01261059,22.88476
20.30264,0.01267299,22.92705
20.32699,0.01270113,22.57336
20.3486,0.01261543,21.91215
20.37049,0.01248995,21.33868
20.39281,0.01245172,20.73592
20.41693,0.01250248,20.37769
20.43905,0.01259967,20.47727
20.45923,0.01259662,20.09809
20.48171,0.01256911,17.67549
20.51825,0.0127001,16.24639
20.53138,0.01282021,16.16958
20.55257,0.01281058,16.19894
20.57445,0.0127892,14.99886
20.59456,0.01279673,13.82319
20.61786,0.01285175,12.94355
20.63709,0.01286729,12.98848
20.65753,0.01278505,13.05984
20.6806,0.01262035,12.57057
20.70234,0.01246484,12.0598
20.72142,0.01234601,12.08151
20.7412,0.01220935,12.11333
20.76265,0.01199645,12.54993
20.78469,0.01176264,13.08449
20.80363,0.01163091,13.1672
20.82368,0.01153072,12.93612
20.84244,0.01132139,12.76699
20.86145,0.01095255,13.0915
20.88031,0.01057656,13.15248
20.90214,0.01034483,13.49764
20.92426,0.01014738,14.15534
20.94821,0.009828832,14.83909
20.97289,0.009013291,15.10323
20.99892,0.008401319,15.22477
21.02248,0.007662531,16.12126
21.04877,0.007161926,16.74258
21.07572,0.006129161,17.61587
21.1017,0.005483303,17.22651
21.12008,0.00496817,16.7322
21.13953,0.004505698,15.86217
21.15831,0.004259642,15.61811
21.17746,0.003694274,15.80581
21.19868,0.00323578,15.73708
21.22025,0.002940528,15.31635
21.23972,0.002736736,14.57693
21.26221,0.002370875,13.52366
21.28552,0.00214655,13.73954
21.31697,0.002084933,13.31947
21.3441,0.002447914,12.87467
21.37378,0.002911389,12.018
21.40569,0.003302887,10.68649
21.43589,0.00372326,9.786057
21.45836,0.004153211,9.290092
21.48546,0.004664537,8.110939
21.50478,0.005162802,7.550941
21.52598,0.005621526,6.744431
21.55028,0.00631493,5.770882
21.57334,0.006771639,5.156082
21.5993,0.007402223,3.949776
21.62972,0.0078163,3.479034
21.65388,0.008346446,3.93084
21.67451,0.008678574,3.875168
21.69795,0.008998975,3.463036
21.7217,0.009448431,3.325851
21.7448,0.00980714,4.015701
21.77632,0.009943269,3.878395
21.8003,0.01005301,3.698036
21.82179,0.0101369,3.493881
21.84131,0.01020315,3.208954
21.86215,0.01027516,3.172386
21.88345,0.010331,2.476173
21.90828,0.01034333,1.477768
21.92982,0.01029515,0.7163162
21.95138,0.01024593,0.2673721
21.97112,0.0102862,0.3322067
21.99258,0.01033499,1.684372
22.01583,0.01028656,3.401939
22.03576,0.01013168,4.552711
22.05873,0.009808198,5.352654
22.08347,0.009267759,6.265305
22.10572,0.008603327,7.853104
22.13092,0.007602405,9.527008
22.15482,0.006931696,10.11728
22.17626,0.006185398,10.27129
22.19766,0.005419519,10.80843
22.21938,0.00441302,11.33548
22.23993,0.003814638,10.7855
22.26153,0.0033447,10.16631
22.28477,0.002927948,9.379646
22.31012,0.002407473,8.689217
22.33267,0.002065219,8.544342
22.35324,0.001667541,7.970634
22.3755,0.001246948,7.265137
22.40512,0.0008111633,6.44503
22.43227,0.0003410466,6.041397
22.45624,7.066876E-05,5.429176
22.48903,0.0005777739,4.346886
22.51276,0.0007249266,3.702118
22.53666,0.0008403473,3.217491
22.56275,0.0009115562,2.691689
22.58499,0.000925418,2.366165
22.60593,0.0009118058,1.714241
22.63373,0.0008409657,0.6978989
22.65458,0.0007326715,0.3380585
22.6754,0.0006050207,1.233719
22.69631,0.0005371235,1.443375
22.71872,0.0005411878,1.620384
22.73829,0.0005331859,2.298523
22.75953,0.0004127249,3.184883
22.78065,0.0001918785,4.164551
22.80062,3.26708E-05,5.161888
22.81963,0.0002204068,5.853424
22.83862,0.0003846437,6.756622
22.85821,0.0006082989,7.86956
22.87783,0.0008954443,8.70295
22.89995,0.001137689,9.307625
22.92332,0.001248643,10.2646
22.94371,0.001308911,11.16393
22.96473,0.001405973,11.57604
22.99162,0.001489397,11.67123
23.0118,0.001540605,12.09341
23.0337,0.001543105,12.59543
23.05281,0.001530942,13.30269
23.07254,0.00155063,13.71236
23.09442,0.001548409,14.37656
23.11679,0.001499392,14.99446
23.13894,0.001457214,15.80017
23.16287,0.001444418,16.61806
23.18466,0.00141174,17.6825
23.20389,0.001295693,18.81731
23.2231,0.001110166,19.97068
23.24286,0.01541398,10.07474
23.2625,0.01604603,9.884155
23.2842,0.01660802,9.325357
23.30744,0.01734904,9.142348
23.33212,0.0179247,9.256186
23.35478,0.01847725,9.207053
23.37718,0.01888771,9.198683
23.40118,0.01937566,9.160878
23.42132,0.01952971,9.200264
23.44343,0.01980429,9.283704
23.46634,0.02007114,9.497839
23.48609,0.02020501,9.682229
23.50908,0.02037995,9.75399
23.5335,0.02074935,9.86745
23.55609,0.02101822,9.260367
23.57762,0.02111545,8.073653
23.6,0.02127202,7.338102
23.62054,0.0215224,7.640336
23.64649,0.0219344,7.822477
23.66761,0.02201697,7.900155
23.68719,0.02216448,8.054153
23.70934,0.02228449,8.188802
23.72994,0.02244768,8.294199
23.75024,0.02268703,8.547597
23.77286,0.02315923,8.601401
23.80642,0.02368494,8.517421
23.83267,0.02432429,8.202648
23.85866,0.02510206,7.965481
23.88663,0.02560647,7.901099
23.91568,0.02621217,8.009621
23.93985,0.02660825,8.047032
23.97067,0.02720403,8.059489
24.00248,0.02784788,8.089128
24.03029,0.02839416,8.19362
24.06017,0.02880395,8.361
24.09414,0.02921206,8.522078
24.1322,0.02964557,8.648949
24.16583,0.03010494,8.806204
24.20884,0.03059054,8.965368
24.24261,0.03092342,9.136456
24.26648,0.03130053,9.327148
24.2882,0.03207263,9.652231
24.32307,0.03295759,9.719803
24.34725,0.03328312,9.562833
24.36708,0.03395129,9.720228
24.38784,0.03495878,10.04026
24.41083,0.03564756,9.662879
24.43599,0.03642977,9.587244
24.46094,0.03765175,9.6816
24.48337,0.03842553,9.355174
24.50402,0.03905441,9.007543
24.52548,0.0396206,9.038877
24.54778,0.0402095,8.97137
24.57182,0.04114896,9.185663
24.60047,0.04228215,8.826035
24.63209,0.04346302,8.384665
24.66082,0.0446529,7.865018
24.6887,0.04584603,7.163686
24.71678,0.04661789,6.861185
24.74433,0.04736106,6.999388
24.77292,0.047503,6.936273
24.80597,0.04736794,6.806596
24.83713,0.04711763,6.21366
24.87232,0.0464206,6.174571
24.90677,0.04599578,6.79835
New Try
New Try
New Try
New Try
New Try
New Try
New Try
2.358871,0.01743681,5.103767
2.381015,0.01787469,5.141976
2.405645,0.01818861,5.166798
2.426457,0.01858044,5.199422
2.448823,0.01935048,5.232555
2.472676,0.02017848,5.235887
2.495239,0.02044018,5.087772
2.517592,0.02089108,2.73974
2.562781,0.02172427,4.446556
2.583935,0.02225334,4.098494
2.608046,0.02260187,3.381767
2.632226,0.02274828,3.158271
2.658817,0.02251989,2.937183
2.683565,0.0222862,2.880724
2.708519,0.02213529,3.517973
2.739208,0.02215993,3.473558
2.763583,0.0223613,3.423769
2.797135,0.02243614,3.403753
2.821041,0.02265478,3.412141
2.842849,0.0227036,3.392518
2.867701,0.02275369,3.326313
2.890888,0.02294396,3.261588
2.916437,0.02303205,3.243108
2.942729,0.02305626,3.177306
2.965843,0.0231008,3.133191
2.988468,0.02318711,3.06548
3.013182,0.02322774,3.017594
3.038261,0.02326187,2.97539
3.058602,0.02332361,2.935717
3.080803,0.02336612,2.929375
3.103536,0.02342545,3.258225
3.126214,0.02349861,3.219418
3.149527,0.02369226,3.191936
3.171985,0.02385204,3.147218
3.194598,0.02401815,3.10274
3.218857,0.02418555,3.057102
3.241733,0.02435374,2.81209
3.264962,0.02447124,2.710722
3.288417,0.02470794,2.660872
3.312232,0.02487585,2.660357
3.337557,0.02496698,2.662637
3.361191,0.02503311,2.668072
3.383041,0.02508372,2.617335
3.406576,0.02507434,2.627113
3.430791,0.02511181,2.645823
3.457261,0.02549675,2.704216
3.482649,0.02565629,2.72606
3.505264,0.02620802,2.528555
3.530022,0.0268955,2.723689
3.557078,0.02738565,2.679419
3.581207,0.02780187,2.561549
3.604836,0.02819041,2.449445
3.628259,0.02879444,2.100775
3.652831,0.02927855,1.853613
3.676123,0.02976145,1.908443
3.700878,0.03047775,2.00125
3.724864,0.0309363,1.332661
3.752344,0.03152404,1.479887
3.780504,0.03204126,1.549776
3.805503,0.03284386,1.088405
3.828837,0.03331586,0.5811456
3.852832,0.03375152,0.4130683
3.87364,0.03434695,0.165511
3.898643,0.03473197,0.1855749
3.922138,0.03526051,0.9642863
3.950969,0.03557954,1.099317
3.974103,0.03592022,1.153857
4.001855,0.03647335,1.194357
4.026807,0.03673602,1.345085
4.051854,0.03708246,1.602055
4.074339,0.03752861,1.601078
4.105368,0.03785076,1.65753
4.126906,0.03816179,2.007889
4.151713,0.03855862,2.410378
4.173969,0.03867664,2.424789
4.195875,0.03886974,2.463707
4.219122,0.03900259,2.512403
4.240921,0.03906875,2.938582
4.265773,0.03904044,3.007261
4.289546,0.03899836,3.128814
4.315211,0.03898197,3.908359
4.338363,0.03890093,4.660813
4.362952,0.03878129,4.745325
4.385961,0.03873456,4.78737
4.407958,0.03881302,5.199648
4.432347,0.03901167,6.32245
4.456242,0.039105,7.024371
4.477509,0.03919188,7.063192
4.50137,0.03923856,7.093456
4.524422,0.03922188,7.122298
4.546588,0.03915843,7.88446
4.567704,0.03913012,7.942702
4.594241,0.03904162,7.968905
4.622152,0.03893308,8.305366
4.648738,0.03883442,8.724202
4.675594,0.03882087,9.132304
4.698463,0.03889811,9.515373
4.722078,0.03900671,9.908874
4.747407,0.03909383,10.2936
4.768478,0.03914413,10.34598
4.789923,0.03921607,10.3598
4.814315,0.03923197,11.06769
4.836721,0.03910071,11.08161
4.86142,0.03888789,11.12992
4.888491,0.0387035,11.18132
4.911554,0.03846977,11.91042
4.936034,0.03840003,12.26874
4.95774,0.03813908,12.68759
4.980552,0.03804893,13.05016
5.005466,0.03753559,13.7982
5.037715,0.02263471,20.21516
5.059015,0.02227804,20.08517
5.084826,0.02185601,20.27427
5.10944,0.02135758,19.66828
5.134706,0.02113826,19.67676
5.156036,0.02074069,19.70441
5.179703,0.02033031,19.95966
5.203412,0.0198965,19.61894
5.224474,0.01931698,19.20052
5.248864,0.0189386,19.41646
5.271194,0.01845803,19.85165
5.293376,0.01788323,19.9222
5.320033,0.01714059,19.19439
5.341461,0.0167778,18.75321
5.364681,0.01630009,18.5702
5.399579,0.01568842,18.42848
5.422364,0.01528145,18.66648
5.446375,0.01491058,18.84007
5.470307,0.01432442,18.17697
5.492504,0.01378908,17.38847
5.52049,0.01301805,16.65855
5.5463,0.01260397,16.32358
5.572898,0.01198772,15.75778
5.595684,0.01152704,15.13288
5.620439,0.01073732,14.60349
5.646313,0.01025181,14.34136
5.672116,0.009761564,13.57679
5.697518,0.009456065,12.89309
5.721283,0.009054966,12.38469
5.747663,0.008407291,12.1592
5.772168,0.007868759,11.65647
5.794893,0.007412486,12.09481
5.817271,0.006872412,12.2319
5.837797,0.006293174,12.34068
5.859179,0.005762257,12.22693
5.883547,0.005263612,12.06834
5.906601,0.004425611,12.29317
5.931068,0.003823541,12.62695
5.95919,0.003085319,12.81894
5.985364,0.002292119,12.5738
6.01203,0.001395926,12.58482
6.039227,0.0009051636,12.70899
6.066454,0.0001406632,12.43279
6.090379,0.0004817806,12.03744
6.113088,0.001066349,11.29291
6.136944,0.001741115,10.74593
6.165897,0.002347462,9.999527
6.189434,0.002700042,9.310295
6.213832,0.002960823,8.533348
6.239427,0.003111772,7.925667
6.266756,0.00348568,6.989372
6.290256,0.003690094,6.431946
6.313604,0.003935087,5.941254
6.337608,0.004238874,5.471954
6.362641,0.004609555,4.790466
6.386425,0.005079262,3.753136
6.4117,0.005374026,4.270744
6.438372,0.00594214,4.466972
6.463943,0.006348651,4.148979
6.490555,0.006995186,3.718483
6.521647,0.00752873,3.408981
6.555763,0.007941887,3.993004
6.587499,0.008277602,4.816902
6.615649,0.008649454,4.719833
6.640669,0.008885324,4.648285
6.669322,0.009229403,3.861725
6.695552,0.009469964,3.109978
6.720914,0.009764962,2.128792
6.760287,0.009984352,1.390793
6.786363,0.01011023,0.1928406
6.812168,0.009990595,0.9333954
6.840659,0.009776086,1.227493
6.867059,0.009508088,1.567612
6.893187,0.008859925,2.9422
6.92776,0.008473068,3.791008
6.953502,0.008322563,3.953758
6.978636,0.008200813,4.480911
7.006622,0.008121315,4.455032
7.03354,0.007971853,4.417442
7.057028,0.007819947,3.838287
7.088497,0.007734265,3.954857
7.111683,0.007701449,4.40963
7.140283,0.007624086,4.232422
7.16703,0.007588789,3.664474
7.193662,0.007575691,2.852379
7.2239,0.007597495,2.673866
7.254536,0.007636279,2.767433
7.279598,0.007729627,3.016487
7.305992,0.007772218,2.750656
7.333849,0.007794052,2.932991
7.361394,0.007753752,3.186638
7.387868,0.007753432,3.033302
7.416444,0.007738747,3.056702
7.443857,0.007653475,2.863167
7.469656,0.007442519,3.98101
7.49482,0.007249821,4.131783
7.523481,0.006984431,4.448662
7.549527,0.00677279,5.123512
7.578943,0.006604385,5.573753
7.604929,0.006370276,6.185654
7.633522,0.006141037,7.129547
7.665576,0.005900428,7.554398
7.691506,0.005645394,7.346329
7.71959,0.005478911,7.871025
7.749797,0.005427301,8.42318
7.772393,0.005312949,8.603539
7.795737,0.005187258,8.427429
7.819535,0.005090773,8.020302
7.841184,0.005020682,7.912552
7.86529,0.004982829,7.803459
7.884104,0.004937056,7.383537
7.904251,0.004917808,6.891319
7.925109,0.004843894,5.47229
7.947775,0.004838385,5.053345
7.967464,0.004905153,5.179298
7.987061,0.004947066,4.934044
8.008055,0.005047102,3.984612
8.031713,0.005091265,3.32402
8.050793,0.005107485,2.918533
8.072343,0.005082186,2.426094
8.09631,0.00505431,1.885071
8.117936,0.004961707,0.4478149
8.155472,0.004953824,0.009803772
8.177132,0.004971765,0.2079391
8.199278,0.005008731,0.09700775
8.221128,0.005015258,0.818161
8.245056,0.0049989,1.671364
8.266926,0.005075861,2.9589
8.28776,0.00514004,2.803741
8.306833,0.005311623,3.052849
8.326146,0.005471788,3.478859
8.346845,0.005700108,3.533066
8.365019,0.00601222,3.86541
8.384287,0.006242298,3.853165
8.410028,0.006436717,3.85836
8.433885,0.006556861,4.16967
8.457238,0.006658509,4.172684
8.484815,0.006663248,4.085983
8.513699,0.006637882,4.250664
8.540571,0.006663069,4.448463
8.570004,0.006599035,5.094475
8.603278,0.006417856,4.990311
8.635592,0.006390531,4.946548
8.669651,0.006456874,3.878471
8.7066,0.006594632,3.53743
8.745763,0.006831434,3.492126
8.777756,0.006944045,2.579628
8.809941,0.007074159,1.330048
8.838578,0.007208951,0.04078674
8.867588,0.007136583,1.348061
8.896538,0.007075731,1.907074
8.925009,0.006958406,2.345161
8.966565,0.006797522,3.496338
8.995296,0.006953638,4.767036
9.022814,0.007065199,5.195595
9.051353,0.007083703,5.955147
9.076859,0.007073086,6.449135
9.101815,0.007096719,7.340958
9.130121,0.007101502,7.889664
9.159256,0.007107016,8.798538
9.186157,0.007030863,9.418861
9.213757,0.006810576,9.695808
9.237769,0.006762534,9.907608
9.267517,0.006742101,10.44074
9.297505,0.006685045,10.57428
9.327751,0.00664115,10.96792
9.359127,0.006599955,10.5662
9.395287,0.00639233,11.09294
9.421985,0.006330766,11.34783
9.447164,0.006225474,11.88117
9.470201,0.005926251,12.18681
9.496403,0.005670652,13.10606
9.520404,0.005476203,13.75636
9.546893,0.005081818,14.04053
9.5723,0.004493654,14.50645
9.61998,0.003965579,15.0396
9.652071,0.003487177,16.37799
9.682038,0.003049027,17.0092
9.722491,0.002305925,17.10639
9.757302,0.001950696,17.44972
9.786792,0.001607109,17.5556
9.824635,0.001396205,18.40567
9.861891,0.001278542,18.15689
9.894208,0.001190975,18.18687
9.916211,0.001200058,17.73424
9.93973,0.001246978,17.75384
9.961462,0.001287535,17.75072
9.984059,0.001291029,17.84834
10.00331,0.001369778,17.65256
10.02445,0.001470957,17.61464
10.04553,0.001501288,17.23765
10.06379,0.001515176,17.41143
10.08245,0.0015953,17.58385
10.10194,0.001689456,17.55552
10.12137,0.001721352,17.48586
10.14264,0.001794335,17.19274
10.16345,0.001869954,17.59371
10.18276,0.001964502,18.08683
10.2056,0.002054129,18.41463
10.22981,0.002081338,19.01186
10.2495,0.002079681,19.4265
10.27024,0.002075184,20.1977
10.29047,0.002026692,21.00382
10.31049,0.001901787,21.61217
10.32975,0.001742091,22.16626
10.34856,0.001627095,23.05862
10.36692,0.001480348,23.86997
10.38584,0.001272887,24.35363
10.4053,0.0009486899,25.26648
10.42858,0.0006203465,25.42372
10.44754,0.0003712662,25.84459
10.46791,0.01270621,12.00587
10.49004,0.01261855,12.05986
10.51298,0.01259079,12.05934
10.53408,0.01249573,11.72832
10.55469,0.01234984,11.78709
10.57666,0.01219869,11.84575
10.60001,0.01208267,11.24416
10.62187,0.01196526,11.31769
10.64751,0.01179645,11.08468
10.66892,0.01163199,11.09429
10.69127,0.0113827,10.92301
10.71372,0.011227,10.94447
10.73344,0.01116729,10.9994
10.75228,0.01103792,11.024
10.77384,0.0107818,10.72288
10.79394,0.0106667,10.48924
10.81195,0.01040933,10.2385
10.83108,0.01017985,10.28817
10.86399,0.009491495,10.39519
10.89155,0.008811865,10.1258
10.91836,0.008485708,10.16518
10.946,0.008113062,10.01027
10.97164,0.007780591,9.784221
10.99784,0.007343813,9.804577
11.02745,0.007027939,9.832354
11.05518,0.006628301,9.863941
11.08644,0.006129591,9.616441
11.11724,0.005809606,9.505762
11.14596,0.005716812,9.289523
11.17735,0.005400382,9.05369
11.2082,0.004932746,9.325315
11.23847,0.004544843,9.11376
11.26954,0.003998308,9.120334
11.30227,0.003591284,9.285969
11.33262,0.003037248,9.208974
11.36163,0.002707972,9.120764
11.39107,0.002272955,9.134909
11.41923,0.001880688,9.299652
11.44853,0.001664037,9.314602
11.47511,0.001581587,9.363531
11.51231,0.00155513,9.472079
11.54214,0.001555535,9.471996
11.57055,0.001575172,9.470543
11.59764,0.001626353,9.504914
11.62114,0.001649455,9.543139
11.64816,0.001665906,9.516262
11.67375,0.001745246,9.483444
11.69948,0.001775847,9.648524
11.73037,0.001816892,9.749796
11.75659,0.001932151,9.72126
11.78422,0.002057724,9.763379
11.81259,0.002262349,9.761868
11.84048,0.002458446,9.778452
11.86539,0.002695212,9.816342
11.89165,0.002836965,9.747477
11.91665,0.002957505,9.806643
11.9465,0.003067518,9.744592
11.97005,0.00326939,9.634475
11.99891,0.003331679,9.805079
12.02331,0.003399963,9.869841
12.04868,0.003725308,9.728254
12.07314,0.003906089,9.777848
12.09763,0.003979815,9.835814
12.123,0.004110543,9.837973
12.15408,0.004307112,9.842009
12.18323,0.004520535,10.00569
12.21181,0.004736323,10.01467
12.2407,0.004805646,10.02619
12.26956,0.004814155,10.03047
12.29797,0.004841832,10.22549
12.32346,0.004875283,10.371
12.36553,0.004913012,10.62225
12.39416,0.004880021,10.65577
12.41884,0.004766497,10.80995
12.44512,0.004730551,11.01821
12.46862,0.004580714,11.17285
12.49549,0.004448683,11.23431
12.51902,0.004328654,11.26935
12.54689,0.004286375,11.30019
12.57337,0.004235152,11.53104
12.60708,0.004165797,11.70715
12.63677,0.004171352,11.70905
12.66656,0.004225775,11.88417
12.69665,0.004460203,12.06011
12.72269,0.004641807,12.11481
12.75192,0.004986113,12.26339
12.78221,0.005171272,12.33344
12.81634,0.005331009,12.47852
12.84565,0.005333232,12.56999
12.87128,0.005454697,12.78935
12.8997,0.00561669,12.67485
12.92829,0.005663134,12.72675
12.95665,0.005703426,12.8158
12.98358,0.005743979,12.8679
13.01658,0.0001198985,15.81224
13.0465,0.0005279258,14.75751
13.07528,0.0009102859,13.63189
13.10565,0.001171146,11.86151
13.13247,0.001511466,10.83548
13.16196,0.002046283,9.352745
13.18973,0.002328224,8.309601
13.22141,0.002982065,6.298332
13.24926,0.003533095,5.184906
13.28099,0.004020542,4.147705
13.3109,0.004347116,3.521683
13.34462,0.004927263,2.672958
13.37285,0.005200531,2.243141
13.39972,0.005439643,1.894287
13.43192,0.005550683,1.876297
13.45916,0.005673021,1.508415
13.48378,0.005739976,0.9970398
13.51268,0.005871739,0.1229706
13.53895,0.006017126,0.2704239
13.56494,0.006118916,0.5994415
13.59073,0.006163575,0.3723068
13.61686,0.006346285,0.1230469
13.64776,0.006554071,0.1190567
13.67464,0.006719213,0.1264648
13.70251,0.006890371,0.3685684
13.73094,0.007258344,0.8743591
13.76013,0.007489488,1.004906
13.78782,0.007899884,1.08017
13.81747,0.008297507,1.253899
13.84922,0.008645713,0.8146362
13.89835,0.009398878,0.330368
13.92911,0.009727716,1.13961
13.96255,0.01000984,2.212311
13.98813,0.0102098,3.237175
14.01655,0.0103479,5.022209
14.04457,0.01046392,5.761765
14.07623,0.01055009,7.288528
14.10254,0.01050137,8.633942
14.12929,0.01040553,9.801331
14.15769,0.01031376,10.77662
14.18446,0.01015148,12.0298
14.2102,0.01009177,12.56605
14.23649,0.01003109,13.65655
14.26321,0.009983439,14.53621
14.29687,0.009958658,14.72518
14.33105,0.009885397,15.54395
14.35872,0.009685315,16.95496
14.38267,0.009566884,17.1655
14.41349,0.009424984,17.59901
14.44077,0.009265877,18.78152
14.46517,0.009203468,19.75605
14.49417,0.009156849,20.24723
14.51987,0.009132717,20.67001
14.54481,0.009154115,21.28661
14.56937,0.0092768,21.48773
14.59493,0.009478379,21.76584
14.61905,0.009631023,21.9507
14.64447,0.01000262,21.07893
14.67051,0.01041533,20.91748
14.70082,0.01069148,20.90399
14.72853,0.010905,21.03536
14.75263,0.01124855,20.53764
14.77748,0.0114113,20.52061
14.80388,0.01155664,20.72942
14.83599,0.01179794,20.45863
14.86991,0.01200737,20.73153
14.90649,0.0121898,21.13188
14.93558,0.01225395,20.907
14.96333,0.01231096,20.43556
14.98836,0.01247614,20.39953
15.01388,0.01258153,20.24894
15.03985,0.01258574,20.33929
15.06497,0.01261548,19.37166
15.09289,0.01268985,19.23896
15.12561,0.01271648,19.48772
15.15487,0.0127336,19.15839
15.17967,0.01281417,18.53611
15.20476,0.01281987,18.43296
15.22925,0.01283256,18.32847
15.25354,0.01288064,17.94383
15.27805,0.01301711,17.10193
15.30251,0.01318187,17.22868
15.33064,0.01357374,16.69765
15.37448,0.01420325,16.70144
15.39857,0.01461786,17.6813
15.42449,0.01492203,17.96558
15.45328,0.01543048,17.76867
15.47873,0.01578986,18.78818
15.50451,0.01593992,19.82961
15.53474,0.01618974,20.42862
15.56089,0.01631969,21.43047
15.5847,0.01630833,21.73537
15.60971,0.01637178,22.4814
15.63427,0.01649435,22.52654
15.66053,0.01665657,23.70325
15.68428,0.01670973,24.11267
15.71096,0.0167843,24.00161
15.74191,0.01698045,24.11227
15.76635,0.01703013,24.13476
15.79297,0.01702627,23.88426
15.81856,0.01708857,23.90618
15.84409,0.01727571,24.22409
15.86821,0.01730553,24.60084
15.89511,0.01727062,25.24942
15.92249,0.01731981,25.3364
15.95883,0.01753315,26.3486
15.98956,0.01761174,27.34084
16.01443,0.01754892,27.75475
16.03987,0.01750958,28.30585
16.06404,0.01740687,28.95635
16.0905,0.01720117,30.20539
16.11547,0.01712932,30.49336
16.14233,0.01698075,31.40009
16.16976,0.0167216,32.90651
16.19667,0.01654853,33.28544
16.22125,0.01650123,33.16339
16.24577,0.01649321,33.13808
16.27057,0.01641804,33.67233
16.29553,0.01611269,34.40556
16.31999,0.01599227,34.22497
16.34474,0.01593387,33.68843
16.37647,0.01555448,34.16074
16.40103,0.01510819,34.50338
16.42854,0.01446303,34.39462
16.45384,0.01400355,34.18134
16.48094,0.01310353,34.69706
16.50783,0.01222261,35.22667
16.5328,0.01179705,35.39681
16.55973,0.01132528,35.69891
16.58768,0.01105186,36.07915
16.61237,0.01083653,36.58167
16.63707,0.01090657,36.68349
16.66163,0.01107064,36.79375
16.68792,0.01104582,36.80783
16.71403,0.01101033,36.73879
16.74334,0.0110014,36.45851
16.78606,0.01055263,36.07636
16.81275,0.01027533,35.55537
16.83801,0.009823166,33.07617
16.86268,0.00956529,32.55811
16.88816,0.009281073,32.30491
16.9127,0.009099849,31.0796
16.94224,0.008817419,28.81722
16.96722,0.008712597,27.50765
16.995,0.008555811,26.01929
17.02578,0.008469801,24.23381
17.05179,0.008515958,22.76014
17.08032,0.008521177,21.43135
17.1066,0.008517575,19.33553
17.13041,0.008627031,18.01721
17.15545,0.0087457,18.08273
17.18024,0.008673783,18.39835
17.20412,0.008468386,17.62595
17.2323,0.008264847,17.56903
17.2611,0.007921148,18.44598
17.28678,0.007579282,19.21455
17.31063,0.007363223,19.37252
17.33938,0.007055007,18.8569
17.36453,0.006871816,18.6966
17.39154,0.006611608,18.90007
17.41882,0.006438304,19.01799
17.4485,0.006228875,19.12456
17.47741,0.005947895,17.86437
17.50397,0.005564019,16.70864
17.53226,0.00524687,15.51045
17.55894,0.005024545,14.66648
17.58445,0.004783388,12.98029
17.61133,0.004685298,12.10135
17.64087,0.004413497,10.93502
17.67295,0.00395846,9.619789
17.70076,0.003585279,7.623657
17.72947,0.003466174,7.246284
17.75509,0.003268719,5.589508
17.77827,0.003149092,4.180382
17.80314,0.003058083,2.849815
17.82715,0.002954762,1.050934
17.8532,0.003000632,0.2619781
17.88128,0.003089171,1.66568
17.90849,0.003059376,2.926895
17.93444,0.003008462,4.040588
17.96323,0.002939887,5.927269
17.99109,0.002782032,7.334175
18.0169,0.002749763,8.079765
18.04198,0.002762355,8.982689
18.07008,0.00260146,9.871857
18.0993,0.002118599,10.64754
18.12626,0.001548227,10.95059
18.15215,0.001174025,11.62366
18.17883,0.0005916506,12.2808
18.20382,5.889311E-05,11.70592
18.24519,0.000482861,11.61607
18.27021,0.001146287,11.76942
18.29773,0.001450926,11.28519
18.32327,0.001876999,10.61292
18.34722,0.002280414,10.3226
18.37395,0.002906643,9.984657
18.40129,0.003432147,9.499809
18.42792,0.00382499,9.462463
18.4538,0.004337892,8.851379
18.48076,0.004596047,8.355904
18.51298,0.005200204,8.411812
18.54133,0.005440973,9.26545
18.56945,0.005634647,10.20712
18.59685,0.005450614,9.897766
18.622,0.005342565,9.023827
18.64668,0.005292885,9.127823
18.67297,0.005187687,10.20965
18.69893,0.00503457,10.4423
18.72895,0.004911494,10.86825
18.75397,0.004725087,11.90788
18.77853,0.004571844,12.99493
18.80491,0.004371453,13.73283
18.82966,0.003989458,14.80376
18.85705,0.003685217,15.88823
18.88536,0.003302474,17.56306
18.91057,0.003085267,18.15812
18.94131,0.002260678,19.47777
18.96828,0.001764085,19.87484
18.99297,0.001386214,20.35145
19.01807,0.001025908,21.17871
19.04367,0.0009185076,21.98859
19.07169,0.0008496791,22.63197
19.10052,0.0008774772,22.89076
19.12812,0.001122359,23.12408
19.15939,0.001648005,23.61055
19.18694,0.002339963,23.9633
19.21571,0.00300042,24.28635
19.24438,0.003422253,24.24866
19.27224,0.004175961,25.22679
19.29889,0.004808221,25.72562
19.32558,0.005010478,25.76414
19.35167,0.005237035,26.00837
19.38154,0.005368222,26.92257
19.40667,0.005405266,27.08428
19.43111,0.005481843,27.46478
19.45835,0.005501963,27.66776
19.48376,0.005395517,27.95541
19.51052,0.005363934,28.06336
19.54072,0.005401261,28.4939
19.56708,0.005571876,28.62813
19.59652,0.005678039,28.59338
19.62592,0.005721711,28.45218
19.65331,0.005463526,28.31441
19.69735,0.005256467,28.09992
19.72387,0.004947707,28.36411
19.75059,0.004700217,28.05716
19.77674,0.0042454,27.59739
19.80601,0.003970888,27.3797
19.835,0.003837526,27.53472
19.86472,0.003639873,26.99543
19.89324,0.003452897,26.79333
19.92311,0.003037538,26.13244
19.95135,0.002623118,25.41399
19.97846,0.002065003,24.14259
20.00807,0.001558151,23.1367
20.03634,0.0009932891,21.62106
20.06487,0.0007070862,20.49334
20.09166,0.0004566908,19.11979
20.1168,0.0003013015,17.79362
20.14477,0.0001963787,16.82493
20.1732,6.00554E-05,15.61076
20.20025,4.997849E-05,15.11869
20.22857,6.173179E-05,14.55728
20.25538,0.0002525523,14.03551
20.28089,0.0005382672,13.23248
20.3076,0.0007042773,12.88857
20.336,0.0009372272,12.2236
20.36341,0.001073014,11.39779
20.39146,0.00124637,10.89767
20.41781,0.001428179,9.855965
20.44934,0.001577351,8.647369
20.47574,0.001643922,8.087555
20.5007,0.00168949,6.114967
20.52698,0.001748383,3.612907
20.55404,0.001812652,1.370529
20.58146,0.002028693,1.810478
20.60728,0.002290372,3.651581
20.63478,0.002855506,5.185669
20.66636,0.003502861,6.152611
20.69251,0.004198726,7.335419
20.71853,0.03597461,4.490302
20.74471,0.03612306,4.58266
20.77321,0.03614818,4.667911
20.8006,0.03628558,5.082726
20.82857,0.03637778,5.110941
20.85663,0.03648254,5.156245
20.88582,0.03655497,5.242918
20.91133,0.03667115,4.993634
20.94014,0.03684336,5.06794
20.96481,0.03718103,5.190559
20.99115,0.03740338,5.252775
21.01821,0.03775398,4.727996
21.04437,0.03808381,4.926088
21.07284,0.03841011,4.782089
21.10419,0.03864466,4.188392
21.12976,0.03920724,4.16283
21.17694,0.03941181,4.37036
21.20214,0.03958469,4.190683
21.22799,0.03991533,3.792147
21.25526,0.04012962,3.972713
21.28226,0.04033327,4.19946
21.31109,0.04041813,3.759111
21.33984,0.04048505,4.112279
21.36641,0.04044185,4.266088
21.39401,0.04000594,4.626942
21.424,0.03971153,4.722441
21.45079,0.03921566,4.85228
21.47697,0.0386804,4.956854
21.50605,0.03826158,5.176308
21.53467,0.0380521,5.231731
21.56047,0.03777422,5.028821
21.58747,0.03754163,5.049931
21.61421,0.03745025,5.075473
21.64005,0.03734988,5.123614
21.66778,0.03702808,5.156777
21.6973,0.03672414,4.752667
21.72376,0.03662135,4.781269
21.75444,0.03635351,4.827914
21.77984,0.0357122,5.032871
21.80669,0.03518797,5.049272
21.83398,0.03459908,4.972757
21.859,0.03416305,5.038939
21.88478,0.03375148,5.086078
21.90987,0.03305974,5.023597
21.93934,0.03253916,5.105686
21.97051,0.0321501,5.212332
21.99713,0.03177519,5.145404
22.02329,0.03098985,5.230645
22.04839,0.03028071,5.284425
22.0739,0.02915134,5.39819
22.10252,0.02807046,5.377932
22.12925,0.02713788,5.341921
22.15744,0.02652866,5.386925
22.18858,0.02551218,5.456322
22.21645,0.02462571,5.51164
22.24165,0.02382651,5.543301
22.26726,0.02333159,5.56398
22.29362,0.02279963,5.597937
22.32162,0.02251253,5.633708
22.34744,0.02207015,5.702277
22.37323,0.02153113,5.689856
22.4023,0.02127613,5.762998
22.42844,0.02109051,5.875464
22.45529,0.0207216,5.894151
22.48165,0.02041638,5.991554
22.50764,0.02009153,6.057834
22.534,0.0198246,6.383037
22.56086,0.01961039,6.191503
22.58837,0.01932192,5.866751
22.63641,0.01932587,5.601646
22.66436,0.01926464,5.372099
22.69113,0.01922722,5.411822
22.72092,0.01919404,5.280233
22.74653,0.01922461,5.228472
22.77147,0.01912824,5.074161
22.79957,0.01880453,5.03396
22.82866,0.01845279,4.934473
22.85574,0.01786082,5.024182
22.88171,0.01733872,5.201834
22.90678,0.01681827,5.390307
22.93822,0.01608745,5.458333
22.96514,0.01582094,5.166381
22.99009,0.01540349,4.85333
23.01645,0.01517902,4.931574
23.04534,0.01509715,4.98244
23.07114,0.01471985,4.821214
23.09715,0.01417178,4.612313
23.12257,0.01380285,4.629735
23.14834,0.01309643,4.582574
23.17479,0.01255772,4.449594
23.20197,0.01192274,4.177296
23.23135,0.01141529,4.149023
23.2603,0.01077909,4.09639
23.28829,0.0102398,4.097586
23.31297,0.009943482,3.924459
23.34047,0.009574499,3.526089
23.36634,0.0094459,3.34726
23.39075,0.0096003,3.150638
23.41691,0.009708858,2.999635
