New Try
New Try
New Try
New Try
0.9085503,0.01613233,9.284931
0.9269754,0.01591658,9.346494
0.9475168,0.01583219,9.379764
0.9663719,0.01566204,9.434402
0.988697,0.01543565,9.319411
1.008,0.01517006,9.159934
1.027635,0.01494723,9.15869
1.049132,0.01465777,8.992806
1.07943,0.01462717,9.006408
1.097967,0.01461255,8.809081
1.118001,0.01463875,8.795199
1.13827,0.01466656,8.799308
1.156123,0.01465331,8.861909
1.17471,0.01454076,9.035268
1.19553,0.01431252,9.102262
1.213383,0.0142415,9.13125
1.23292,0.01407854,9.236547
1.254989,0.01368836,9.609262
1.278316,0.01327019,9.940083
1.300216,0.01280006,10.48545
1.322794,0.01232465,10.7589
1.350131,0.01161309,11.08282
1.374235,0.01107526,11.23456
1.401496,0.01030354,11.11817
1.438481,0.009531924,10.89206
1.462481,0.008738876,10.59745
1.492582,0.008031317,10.2778
1.526978,0.007653167,10.27602
1.564005,0.007420816,10.12794
1.582033,0.007410365,9.996231
1.602138,0.007490843,10.05254
1.626656,0.007781936,9.768714
1.648407,0.00801572,9.665156
1.669594,0.008175383,9.723282
1.689344,0.00831301,9.795969
1.709578,0.008485205,9.748506
1.729945,0.008702681,9.728174
1.750584,0.00888084,9.717133
1.769993,0.008925107,9.71604
1.78795,0.008932203,9.698703
1.809214,0.008836475,9.648952
1.832907,0.008669677,9.576944
1.856571,0.008544717,9.548123
1.880964,0.008511543,9.53801
1.903448,0.008451981,9.528235
1.925803,0.008318554,9.521796
1.949523,0.008252917,9.514609
1.973619,0.00817711,9.443295
1.993327,0.008164461,9.418534
2.016333,0.008241294,9.399984
2.043694,0.008242109,9.282815
2.061801,0.00823467,9.223516
2.078996,0.008215996,9.119472
2.098732,0.00820499,9.204129
2.119698,0.008161027,9.153668
2.138076,0.008117686,9.135833
2.156872,0.008027267,9.089127
2.175876,0.007943331,9.022123
2.195104,0.007841273,8.909158
2.213986,0.007725351,8.772859
2.233168,0.007667791,8.654171
2.256707,0.007667921,8.50011
2.282143,0.007694308,8.441199
2.301945,0.007771417,8.297679
2.321976,0.007862838,8.112273
2.343555,0.007924598,7.80419
2.36433,0.007900024,7.69136
2.384403,0.007770591,7.621846
2.403466,0.007612757,7.708412
2.421215,0.00748239,7.706884
2.441139,0.007383055,7.635479
2.464629,0.007253573,7.610353
2.485412,0.007166815,7.616797
2.510562,0.007099499,7.589877
2.534926,0.006940866,7.497294
2.561833,0.006750007,7.374509
2.58808,0.006668001,7.271464
2.613808,0.006523717,7.09893
2.642665,0.006315031,7.013471
2.668314,0.006125048,6.964044
2.687772,0.005879748,6.954659
2.706855,0.00565182,7.000902
2.727117,0.005543832,6.888943
2.748369,0.005190203,6.870926
2.769897,0.004936255,6.809017
2.789493,0.004677028,6.636312
2.809653,0.004404061,6.589487
2.832983,0.004119471,6.519869
2.863008,0.003623726,6.304531
2.88981,0.003181495,6.092587
2.910832,0.002987475,6.023792
2.932831,0.002815794,5.963745
2.959727,0.002549164,5.875798
2.984002,0.002388267,5.812543
3.008962,0.002192244,5.703239
3.036452,0.002013888,5.622077
3.061988,0.001894441,5.547754
3.101564,0.001605491,5.243665
3.124979,0.001448261,5.143004
3.152054,0.00124446,4.938798
3.179428,0.001055334,4.734
3.206901,0.001019105,4.6622
3.2358,0.001026271,4.62529
3.261592,0.000997594,4.512494
3.289949,0.001053682,4.369554
3.319778,0.001115737,4.20603
3.348261,0.001095473,4.036724
3.376967,0.00107877,3.972615
3.403821,0.001086941,3.935322
3.434269,0.001050261,3.908058
3.464698,0.001093897,3.83543
3.493841,0.001213457,3.825359
3.533777,0.001303602,3.751498
3.56381,0.001448866,3.710246
3.595492,0.00166216,3.67754
3.643969,0.001990566,3.730929
3.674727,0.002203874,3.536513
3.707212,0.002326056,3.501964
3.742884,0.002431257,3.463906
3.771153,0.002609179,3.345739
3.797143,0.002760553,3.164959
3.824533,0.002896938,3.043111
3.856582,0.003032693,2.981963
3.881655,0.003127135,2.947429
3.908813,0.003264461,2.723258
3.938149,0.003390037,2.681026
3.964219,0.003502221,2.631729
3.991348,0.003587116,2.582553
4.017432,0.003737455,2.532732
4.043776,0.003889974,2.361569
4.070989,0.003983007,2.338582
4.097861,0.004116936,2.302568
4.125749,0.004256421,2.244982
4.160577,0.004353217,2.175559
4.187242,0.004440864,2.07462
4.216979,0.004527965,1.69812
4.242941,0.004596346,1.610826
4.271132,0.004671011,1.709949
4.29581,0.004765837,1.669647
4.321669,0.004876098,1.644967
4.350957,0.004930107,1.603032
4.380782,0.005039379,1.549145
4.40441,0.005091621,1.549902
4.42859,0.005080856,1.561099
4.457672,0.005097838,1.317598
4.482585,0.005180067,1.211277
4.512192,0.005224923,0.9591998
4.537019,0.005271175,0.8956926
4.562027,0.005408497,0.5417637
4.592854,0.005505704,0.5821548
4.619295,0.005549603,0.5089886
4.645337,0.00557514,0.3941611
4.675395,0.00561907,0.3202056
4.703182,0.005706929,0.2690692
4.73169,0.005845169,0.2306999
4.760608,0.005959941,0.2065338
4.789168,0.006101137,0.1813082
4.821065,0.006213931,0.1643245
4.849745,0.00629609,0.1083524
4.878595,0.006373001,0.02797646
4.90557,0.006439845,0.1136409
4.930049,0.006531189,0.1791368
4.955844,0.006679525,0.235734
4.980288,0.006741063,0.2422834
5.008833,0.006817763,0.2594432
5.038008,0.006898913,0.1780411
5.06318,0.00699164,0.2390311
5.090234,0.007243007,0.3454843
5.135205,0.007344078,0.3911712
5.161205,0.007504355,0.4809199
5.189098,0.007617851,0.5188877
5.214951,0.007689576,0.5450047
5.245934,0.007817862,0.7470343
5.274068,0.007930486,0.8067285
5.300479,0.008006572,0.8367326
5.328191,0.008083113,0.9278842
5.35807,0.008221128,1.053506
5.384412,0.008341846,1.119426
5.408623,0.008466685,1.165836
5.434254,0.008610727,1.376577
5.464913,0.008642811,1.358547
5.491669,0.008695722,1.608516
5.517755,0.008764946,1.645205
5.542538,0.008837338,1.673627
5.569519,0.008873267,1.669647
5.593677,0.00888186,1.677014
5.617881,0.008867418,1.686208
5.644086,0.008912213,1.724536
5.674081,0.008979985,1.748652
5.701831,0.009062555,1.929655
5.728237,0.009178646,1.986822
5.753708,0.009409971,2.05357
5.780509,0.009545073,2.072732
5.80799,0.009682215,2.080743
5.83364,0.0097524,2.101241
5.859045,0.009766518,2.118495
5.889854,0.009845128,2.172047
5.91708,0.009918384,2.241928
5.943207,0.009966765,2.302398
5.974389,0.01012485,2.4133
6.000499,0.01027953,2.481912
6.025455,0.01048763,2.512403
6.051968,0.01057896,2.497635
6.076278,0.01065215,2.48341
6.104481,0.0107893,2.517384
6.127656,0.01081624,2.56674
6.152215,0.01085646,2.639008
6.174767,0.01090993,2.706892
6.198526,0.01100898,2.740383
6.22335,0.01108431,2.764775
6.248412,0.01120887,2.81675
6.273761,0.01129979,2.877256
6.302463,0.01140839,2.942444
6.332342,0.01149303,3.003744
6.356831,0.01153643,3.049216
6.381437,0.0115405,3.103244
6.406453,0.01155922,3.157713
6.430221,0.01169218,3.277814
6.455569,0.01175962,3.324253
6.479732,0.01182006,3.340761
6.503662,0.01201015,3.413403
6.546742,0.01211955,3.451733
6.571754,0.01226714,3.648192
6.595689,0.01237032,3.690243
6.620501,0.01254225,3.754316
6.643548,0.01258974,3.769982
6.66769,0.0125838,3.777557
6.691295,0.01258658,3.816955
6.714755,0.01264855,3.920515
6.747394,0.01276203,4.04225
6.768301,0.01282758,4.101168
6.793591,0.01286928,4.13839
6.819018,0.01286668,4.318561
6.843714,0.0128743,4.325449
6.86969,0.0129308,4.359546
6.894574,0.01295575,4.384946
6.920204,0.01299613,4.275488
6.93877,0.01309239,4.335128
6.950866,0.0131348,4.358063
6.962651,0.01318923,4.381907
6.981324,0.01326194,4.418275
6.995974,0.01331723,4.457071
7.011109,0.01333856,4.465808
7.027461,0.01341432,4.509411
7.044241,0.01351728,4.548767
7.061701,0.01358604,4.579367
7.08081,0.01373442,4.643424
7.099297,0.013861,4.69344
7.118547,0.01394502,4.727375
7.136581,0.01397862,4.765757
7.168706,0.01402201,4.857848
7.208621,0.01417382,5.033026
7.237619,0.01429397,5.166874
7.267339,0.01441387,5.294501
7.2947,0.01453361,5.395248
7.319321,0.01466704,5.478474
7.345957,0.01470082,5.677269
7.377825,0.01481946,5.788415
7.402732,0.01504246,5.920464
7.430012,0.01524443,5.997767
7.459009,0.01534029,6.064173
7.485819,0.01543158,6.150233
7.511684,0.01551669,6.278104
7.537627,0.01549794,6.381378
7.56571,0.01550877,6.549458
7.597579,0.01551996,6.680346
7.621707,0.01551598,6.774015
7.649062,0.01554778,6.857696
7.674104,0.01561066,6.938309
7.699745,0.01565284,6.978507
7.726469,0.01573194,7.074792
7.753412,0.01577626,7.158837
7.78105,0.01574767,7.188046
7.816987,0.01568989,7.276993
7.862766,0.01570164,7.502945
7.890316,0.0157198,7.569786
7.918284,0.01581388,7.800995
7.94605,0.01585645,7.840948
7.973019,0.01586785,7.873699
7.998924,0.01589784,7.952286
8.031544,0.01595798,8.01136
8.059549,0.01603069,8.073557
8.088898,0.01611468,8.114161
8.117181,0.01610508,8.130211
8.143119,0.01609557,8.162745
8.169029,0.01609956,8.227695
8.193601,0.01608003,8.262725
8.221355,0.01601266,8.321522
8.252833,0.01601143,8.444665
8.280293,0.01596866,8.35367
8.307236,0.01595437,8.399944
8.335248,0.01597691,8.433193
8.361529,0.01609325,8.454171
8.382457,0.01613585,8.459442
8.397905,0.01623572,8.460046
8.410414,0.01631491,8.451755
8.427422,0.01633595,8.452592
8.456447,0.01632778,8.460441
8.474162,0.01630369,8.503483
8.484845,0.01629523,8.534973
8.498901,0.01631674,8.579385
8.515749,0.01638975,8.664786
8.533233,0.01649227,8.720892
8.556692,0.01651616,8.719406
8.583031,0.01646063,8.531568
8.603228,0.0164251,8.539252
8.623544,0.01638374,8.558068
8.644241,0.01636752,8.582291
8.669634,0.01638763,8.600351
8.68582,0.01642959,8.611511
8.704,0.01645138,8.618214
8.721369,0.01647953,8.61655
8.73324,0.01649911,8.782012
8.748255,0.01650676,8.800357
8.764836,0.01652139,8.810106
8.781989,0.01657301,8.847333
8.798976,0.01661542,8.870285
8.814508,0.01661153,8.872654
8.83182,0.01660468,8.872632
8.846698,0.0165595,8.886526
8.865543,0.01655175,8.907901
8.893165,0.01655468,8.933932
8.913349,0.01658053,8.965609
8.940514,0.01665819,9.197679
8.965452,0.01675466,9.2489
8.983432,0.01684277,9.284021
9.003167,0.01688779,9.295677
9.024286,0.01692847,9.330097
9.055325,0.0170702,9.449411
9.076728,0.01714456,9.501957
9.096603,0.01718006,9.54522
9.115984,0.01721503,9.592533
9.134487,0.01727367,9.65604
9.154261,0.01734096,9.705876
9.175014,0.01735086,9.733226
9.195995,0.017336,9.749937
9.216205,0.01735396,9.815902
9.236468,0.01741429,9.90544
9.257121,0.01746822,9.967426
9.27978,0.01745908,10.01327
9.298383,0.01744647,10.02413
9.317252,0.01740806,10.07331
9.338417,0.0173672,10.12217
9.359312,0.01733229,10.17933
9.381349,0.01737387,10.24937
9.401763,0.01740935,10.27967
9.42151,0.01739728,10.27441
9.442538,0.017247,10.39624
9.463185,0.01714461,10.39688
9.486055,0.01706092,10.44924
9.503747,0.01696573,10.52185
9.524049,0.01687859,10.6066
9.545167,0.01680302,10.71438
9.570069,0.01669021,10.79798
9.594816,0.01662296,10.81096
9.619538,0.01656938,10.81547
9.645495,0.01653021,10.85427
9.670012,0.01644212,10.93299
9.699406,0.01636999,11.16789
9.72056,0.01632974,11.3311
9.74334,0.01630531,11.58184
9.76898,0.01626957,11.65072
9.791516,0.01625685,11.77055
9.818378,0.01625012,11.83668
9.844617,0.01621083,11.8582
9.878233,0.01623277,11.9321
9.91366,0.01625844,12.01746
9.941442,0.0163073,12.12094
9.968307,0.01633003,12.17759
9.996132,0.01623773,12.20201
10.02378,0.01609896,12.34344
10.05159,0.01598942,12.42067
10.07687,0.01593802,12.48849
10.10428,0.01589934,12.63941
10.13691,0.01581885,12.73622
10.16386,0.01574822,12.82458
10.1903,0.01569113,12.87327
10.2174,0.01562286,12.97117
10.24941,0.01558241,13.10487
10.28289,0.0155852,13.27718
10.31249,0.01558958,13.34674
10.34754,0.01562054,13.4571
10.38643,0.01559938,13.3025
10.40926,0.01562133,13.50995
10.43666,0.01567244,13.61319
10.46244,0.01568995,13.67842
10.48686,0.01568985,13.82901
10.51261,0.01569769,13.94437
New Try
New Try
New Try
New Try
New Try
New Try
New Try
New Try
New Try
New Try
New Try
New Try
1.952593,0.01515147,8.023138
1.973719,0.01518337,7.83153
1.998196,0.01520826,7.748257
2.023453,0.01520813,7.680431
2.048909,0.01517531,7.597966
2.073844,0.01501959,7.401678
2.097396,0.01484396,7.235625
2.122483,0.01459894,7.014086
2.150723,0.01436994,6.83515
2.1776,0.01417607,6.671503
2.20565,0.01406127,6.57104
2.230846,0.0139222,6.467568
2.256673,0.01386916,6.431694
2.282566,0.01394591,6.422908
2.307438,0.01410383,6.388594
2.335557,0.01412921,6.326542
2.369478,0.01405145,6.136288
2.400278,0.01391096,5.902857
2.447174,0.01371115,5.514875
2.474882,0.01363324,5.334139
2.50187,0.01347385,4.884793
2.526307,0.01341467,4.729985
2.554054,0.01338385,4.706485
2.587161,0.01335842,4.526883
2.618618,0.01333804,4.540362
2.651932,0.01314782,4.674872
2.687913,0.01279485,4.921513
2.719495,0.01262735,5.156625
2.746615,0.01240226,5.460559
2.77507,0.01220651,5.75626
2.809837,0.01211508,6.076058
2.837265,0.01200782,6.191376
2.86201,0.0118748,6.247393
2.885857,0.01165002,6.366304
2.909341,0.01157369,6.414598
2.93752,0.01149124,6.53264
2.962195,0.01140685,6.578675
2.990103,0.01130467,6.282131
3.019613,0.01117166,6.305184
3.042098,0.01106742,6.158739
3.068022,0.0109667,6.053172
3.096105,0.0108726,6.096318
3.120145,0.01067263,6.162461
3.143958,0.01056163,6.187955
3.168681,0.01053041,6.248805
3.191929,0.01058897,6.278041
3.219348,0.01061265,6.257991
3.24247,0.01052189,6.227685
3.266581,0.01040491,6.233884
3.289526,0.01037925,6.259526
3.315234,0.01034933,6.27776
3.339174,0.01029422,6.252255
3.360814,0.01021466,6.257176
3.386659,0.01015618,6.277198
3.408391,0.01016853,6.309132
3.436036,0.01020692,6.331561
3.458813,0.01016217,6.327193
3.484475,0.01011762,6.173173
3.508223,0.01008424,6.182472
3.53553,0.01006577,6.188019
3.559298,0.009980935,6.213975
3.585432,0.00991955,6.202955
3.609783,0.009857232,6.035626
3.643391,0.009836886,6.080347
3.667158,0.009848123,6.130534
3.691499,0.009876523,6.192295
3.717485,0.009874021,6.140248
3.740772,0.009856965,6.100819
3.766069,0.009877585,6.213565
3.792934,0.009833527,6.62312
3.819734,0.009779716,6.820471
3.861005,0.009979561,6.881765
3.882576,0.0101167,6.865414
3.903903,0.01024473,6.818976
3.92608,0.01032572,6.753428
3.954808,0.01038534,6.662266
3.982883,0.01039152,6.554187
4.00659,0.01036818,6.648299
4.03198,0.01027074,6.501045
4.063388,0.01016051,6.371599
4.087116,0.0100518,6.279041
4.115546,0.009935527,5.807212
4.139733,0.009876713,5.636664
4.163913,0.00985909,5.449494
4.188671,0.009830705,5.258964
4.215484,0.009741217,4.886157
4.238022,0.009673174,4.698696
4.266321,0.009593218,4.583814
4.289746,0.00952633,4.515141
4.315982,0.00946947,4.363184
4.339869,0.009431171,4.223548
4.363623,0.009420316,4.355681
4.389067,0.00937932,4.468439
4.412496,0.009344693,4.44206
4.436961,0.009301868,4.420446
4.460954,0.009272269,4.417521
4.488775,0.009308388,4.414062
4.511322,0.009361977,4.41091
4.536581,0.009362799,4.309026
4.562046,0.009337045,4.247592
4.588066,0.009335558,4.215518
4.613756,0.00936639,4.200532
4.638526,0.009337334,4.162784
4.662519,0.009242808,4.101216
4.690979,0.009108266,4.094717
4.716243,0.009048924,4.108134
4.741103,0.008995906,4.118371
4.76535,0.00891943,4.169647
4.78827,0.008862204,4.205704
4.812012,0.008795673,4.223733
4.836413,0.008737513,4.24524
4.861238,0.008639252,4.277641
4.886706,0.008543021,4.301839
4.919152,0.008353855,4.320782
4.944456,0.008258118,4.317971
4.968062,0.008156697,4.325992
4.992034,0.008063384,4.368209
5.01654,0.008019397,4.552167
5.039265,0.007978655,4.398815
5.064738,0.007905859,4.384544
5.091699,0.007783008,4.349381
5.121421,0.007607548,3.967732
5.145554,0.007450541,3.732765
5.169016,0.007239545,3.642069
5.210765,0.006731617,3.425084
5.234611,0.006630724,3.351001
5.258525,0.006579105,3.274528
5.282456,0.006488874,3.16236
5.305646,0.006355651,2.986554
5.333224,0.006301632,2.782911
5.356325,0.006283992,2.689336
5.383056,0.006206081,2.408022
5.407391,0.006088351,1.955047
5.433799,0.006010711,1.795369
5.456492,0.005920959,1.634704
5.481364,0.005815536,1.475782
5.504234,0.005685724,1.50285
5.52918,0.005607759,1.610462
5.558049,0.005497885,1.583997
5.582062,0.005437083,1.624858
5.607315,0.005378246,1.726464
5.631904,0.005343806,1.770341
5.656927,0.005255684,1.739901
5.68347,0.005180426,1.738663
5.707168,0.005091751,1.756914
5.732481,0.005029416,1.85393
5.761972,0.005061985,1.944507
5.784555,0.005091771,2.013728
5.80866,0.005116759,2.066775
5.832665,0.005148366,2.120895
5.856637,0.005211751,2.165008
5.882447,0.00528782,2.19312
5.906452,0.005298713,2.198735
5.931049,0.005328481,2.22484
5.956299,0.005312784,2.209746
5.986546,0.005276761,2.182923
6.009703,0.005219843,2.179513
6.033824,0.00515701,2.207176
6.057595,0.005113303,2.230901
6.083528,0.005113305,2.294223
6.10676,0.005081775,2.335316
6.13309,0.004970714,2.383842
6.158612,0.004901762,2.429466
6.197085,0.004817499,2.525535
6.224347,0.004767582,2.578381
6.252983,0.004739652,2.64782
6.280591,0.004682568,2.682412
6.303196,0.004606385,2.846338
6.326312,0.004544155,2.692973
6.351822,0.004479442,2.693845
6.376599,0.004350492,2.711155
6.40495,0.004239395,2.754774
6.427435,0.004174137,2.774952
6.45106,0.004093861,2.803724
6.474171,0.00399827,2.829715
6.498878,0.003964785,2.896175
6.522214,0.003999544,2.936983
6.549289,0.00405916,2.976575
6.591867,0.004194525,2.91873
6.619982,0.004220693,2.808329
6.646243,0.004233895,2.715917
6.670713,0.004293785,2.593218
6.702317,0.004305017,2.452559
6.733192,0.004291652,2.312492
6.766156,0.00428294,2.18095
6.795866,0.00419459,2.035094
6.828602,0.004099193,1.890826
6.855691,0.004076568,1.803634
6.880453,0.004028291,1.718397
6.904965,0.003958303,1.606081
6.931888,0.003923119,1.559092
6.957134,0.003846433,1.518524
6.98573,0.003738668,1.455084
7.009614,0.003691849,1.414715
7.039983,0.003583359,1.311644
7.065265,0.003516906,1.254294
7.089821,0.003497327,1.20431
7.115548,0.003454845,1.11645
7.13955,0.00338051,1.03854
7.165277,0.003265105,0.8543211
7.189745,0.003130577,0.7246976
7.216233,0.003058665,0.7316842
7.245242,0.002963231,0.7895671
7.268785,0.002853774,0.8566085
7.293745,0.002761668,1.079922
7.318964,0.002670875,1.222854
7.343308,0.0026229,1.299654
7.369477,0.002585598,1.241435
7.399532,0.002580665,1.38211
7.425549,0.002465384,1.581524
7.454661,0.002316175,1.554441
7.47834,0.002264927,1.599733
7.500914,0.002213979,1.616526
7.524037,0.00217321,1.628467
7.548326,0.002174873,1.604009
7.573105,0.002188829,1.586466
7.597472,0.002160623,1.456428
7.622979,0.002128106,1.655522
7.650353,0.002028839,1.677598
7.68103,0.001985262,1.643777
7.704926,0.001942578,1.630149
7.73401,0.001908031,1.813913
7.75755,0.001822543,1.913973
7.782932,0.001752051,1.993509
7.808981,0.00175637,2.072166
7.834996,0.001761169,2.127437
7.859719,0.001763933,2.26434
7.888505,0.001789961,2.408428
7.9126,0.001797025,2.497478
7.935608,0.001793637,2.574659
7.959363,0.001797831,2.696024
8.001975,0.001782543,2.968145
8.026339,0.00179954,2.872081
8.051023,0.001883064,2.98544
8.076026,0.001915553,3.095285
8.103901,0.002012201,3.035833
8.130256,0.002114897,3.133816
8.156324,0.002133422,3.223369
8.185093,0.002178421,3.332077
8.209771,0.002228667,3.417989
8.235567,0.002251318,3.478853
8.261214,0.002210517,3.504646
8.285898,0.002142632,3.515468
8.313811,0.002127978,3.531028
8.33814,0.002107416,3.557159
8.364038,0.002088144,3.620879
8.389255,0.00207188,3.637335
8.414026,0.002064731,3.653716
8.436855,0.002046264,3.6777
8.462872,0.002018143,3.715414
8.487617,0.001952161,3.775846
8.517602,0.001888565,3.848681
8.54343,0.001846251,3.906554
8.567988,0.001813849,3.931239
8.59276,0.001809853,3.937162
8.618628,0.001913465,3.950172
8.642383,0.001930935,3.949429
8.668086,0.001946437,3.909311
8.693762,0.001990115,3.743399
8.722388,0.001996205,3.808481
8.749374,0.00194633,3.842826
8.775355,0.001926872,3.827253
8.799962,0.001923093,3.812746
8.824934,0.001919598,3.806732
8.850093,0.0019197,4.034054
8.87632,0.001859133,4.128629
8.902534,0.001841768,4.15058
8.931572,0.001887056,4.136117
8.955677,0.001893478,4.155202
8.981637,0.001883995,4.213799
9.004159,0.001897957,4.284595
9.028607,0.001905409,4.369643
9.051935,0.001873435,4.386152
9.07727,0.001864943,4.406023
9.102784,0.001860764,4.461464
9.13386,0.0018064,4.780244
9.156934,0.001778997,4.89681
9.182248,0.001857311,5.041428
9.208753,0.001893297,5.300456
9.238153,0.001929666,5.360743
9.268078,0.002033915,5.45898
9.299626,0.002052596,5.551109
9.326387,0.002046526,5.61353
9.357378,0.002079893,5.728955
9.401953,0.00206102,5.65825
9.424578,0.002070774,5.69113
9.448337,0.002117399,5.572075
9.473924,0.002205334,5.615903
9.498555,0.00226188,5.621554
9.523273,0.002361591,5.611714
9.549249,0.002469386,5.61346
9.578654,0.002626299,5.79674
9.601027,0.002713251,5.786417
9.624513,0.002865742,5.794406
9.648356,0.002996638,6.00368
9.671671,0.003104549,6.068665
9.696008,0.003336291,6.178982
9.719699,0.00350754,6.232688
9.744879,0.003656441,6.246671
9.76926,0.003718321,6.241616
9.800847,0.003880982,6.455703
9.825009,0.004063028,6.527865
9.850132,0.004118874,6.555444
9.875476,0.004203467,6.647385
9.899938,0.004307067,6.733302
9.925155,0.004385737,6.987159
9.949019,0.004379652,7.034946
9.974172,0.004418487,7.198028
10.00437,0.004534127,7.414286
10.02862,0.004594533,7.548602
10.052,0.004649357,7.664878
10.07769,0.004712574,7.652425
10.10091,0.004733559,7.553359
10.12825,0.004718485,7.419048
10.15394,0.004701815,7.426555
10.18055,0.004669628,7.294981
10.20951,0.004648129,7.327774
10.23351,0.004642813,7.328094
10.28185,0.00472875,7.621485
10.36824,0.004740515,7.646755
10.38755,0.004792615,7.706323
10.4023,0.004826473,7.73997
10.41469,0.004899336,7.80444
10.42993,0.00494627,7.846229
10.44285,0.004991855,7.876863
10.45496,0.005074258,7.93427
10.47274,0.005110248,7.951224
10.49251,0.005148223,7.964125
10.5114,0.00514824,7.978335
10.52918,0.005191268,8.02003
10.54844,0.005298693,8.095072
10.57875,0.00546681,8.205808
10.62064,0.005579059,8.285697
10.65592,0.005669394,8.335126
10.68055,0.005710567,8.356326
10.70519,0.005679845,8.354516
10.72901,0.005598057,8.42273
10.77258,0.005525187,8.532027
10.79754,0.005528354,8.602086
10.82849,0.005592564,8.740331
10.86094,0.005607182,8.773172
10.88679,0.00565857,8.980542
10.91301,0.005857871,9.0861
10.94,0.005960364,9.27057
10.96598,0.006023766,9.110224
10.99415,0.006090411,9.30901
11.02025,0.006161497,9.517109
11.04603,0.006166441,9.515249
11.07473,0.006155908,9.412584
11.10263,0.006192411,9.527018
11.13012,0.006245566,9.587387
11.15562,0.006383386,9.689576
11.18333,0.00653567,9.761566
11.20942,0.006613479,9.758
11.23449,0.006712968,9.72506
11.26343,0.006775475,9.704236
11.29572,0.0069623,9.749494
11.32249,0.00706238,9.780602
11.35362,0.007237166,9.82359
11.38318,0.007423643,9.835274
11.40984,0.007554812,9.832354
11.4388,0.007740564,9.792658
11.46667,0.007861492,9.73577
11.49804,0.007916818,10.01991
11.52418,0.00799289,10.20695
11.54995,0.0082006,10.26374
11.57682,0.008340479,10.2969
11.60198,0.008505051,10.3223
11.62773,0.008712528,10.35779
11.65215,0.00886044,10.34889
11.67811,0.008974401,10.4718
11.7078,0.009199914,10.62627
11.73503,0.0094802,10.63114
11.76053,0.009585849,10.60213
11.78617,0.009670599,10.57745
11.81338,0.009725104,10.78032
11.84214,0.009848831,11.07914
11.86924,0.01001472,11.41701
11.89626,0.01009951,11.51728
11.92566,0.0101924,11.68093
11.95027,0.01034664,11.91299
11.97915,0.01048245,12.21009
12.00311,0.01064613,12.21731
12.03209,0.01070653,12.3851
12.05993,0.01081466,12.54195
12.08831,0.01096701,12.71707
12.11681,0.01105091,12.8375
12.14862,0.01115784,12.96703
12.17672,0.0112907,13.07711
12.20257,0.01144594,13.18686
12.24932,0.01172943,13.2187
12.27682,0.0117583,13.26724
12.3045,0.01192627,13.41442
12.33413,0.0121666,13.60013
12.37248,0.01247345,13.80599
12.40217,0.01276124,13.92696
12.43212,0.01299045,13.95881
12.45957,0.01311304,13.97339
12.48551,0.01333886,14.05454
12.51319,0.01349817,13.93426
12.54297,0.01352903,13.93082
12.57516,0.01364089,13.85937
12.60401,0.0137287,13.93897
12.63191,0.01387545,14.0413
12.65819,0.01400054,14.1272
12.68204,0.01412079,14.19396
12.70789,0.01416401,14.2161
12.73323,0.01432277,14.31248
12.75569,0.01442988,14.37932
12.78385,0.01441892,14.43585
12.8096,0.01437067,14.43012
12.83491,0.01439343,14.66861
12.85988,0.01440436,14.73726
12.88781,0.01436245,14.85299
12.91218,0.0143472,14.96956
12.93788,0.01434363,15.26813
12.96285,0.01431647,15.39561
12.99156,0.01424224,15.54406
13.01491,0.0141409,15.58738
New Try
New Try
New Try
New Try
New Try
New Try
New Try
New Try
New Try
2.077788,0.03040464,9.738577
2.100759,0.0302873,9.714766
2.127764,0.03016905,9.658463
2.154092,0.0300988,9.686634
2.190867,0.03004332,9.731488
2.21208,0.02989955,9.516448
2.236101,0.02972106,9.45696
2.262408,0.02947701,9.475606
2.288309,0.0292817,9.298976
2.315146,0.02913018,9.256037
2.344582,0.02893158,9.186712
2.372708,0.02878887,8.949334
2.404303,0.02877859,8.726386
2.430962,0.02884766,8.654829
2.457936,0.0288475,8.618419
2.485797,0.02881615,8.375456
2.513095,0.02881394,8.085026
2.538566,0.02882643,7.880103
2.568401,0.02886905,7.579553
2.594997,0.02886016,7.192521
2.625041,0.02876523,6.723975
2.65052,0.02869266,6.423396
2.675915,0.02863966,6.001981
2.700192,0.02861407,6.054467
2.728164,0.02855282,6.149595
2.754789,0.02846947,6.137661
2.782267,0.02835747,6.290708
2.812737,0.02828436,6.622853
2.84662,0.02822985,6.900636
2.874969,0.02807559,7.022192
2.898298,0.02794762,6.922346
2.926832,0.02784199,6.844154
2.953308,0.0277859,6.569846
2.981336,0.02754629,6.760191
3.031089,0.02748415,6.631227
3.059121,0.02742914,6.332025
3.084005,0.02742433,6.34752
3.109779,0.02740712,6.354682
3.138248,0.0273674,6.067081
3.168041,0.02734184,5.887695
3.197351,0.02730905,5.678649
3.231114,0.02726086,5.428922
3.26042,0.0272227,5.152748
3.285396,0.02719928,4.902967
3.31291,0.02719003,4.712974
3.336538,0.02709887,4.431156
3.363204,0.02702456,4.120177
3.392017,0.02693256,4.123693
3.418591,0.02688717,4.144442
3.445298,0.0268157,4.014297
3.475442,0.0267401,3.943871
3.498113,0.0266809,3.883831
3.524773,0.02661302,3.808275
3.549684,0.02648814,3.668958
3.57749,0.02638826,3.588342
3.600816,0.02633159,3.530751
3.626568,0.02627717,3.466336
3.652947,0.02618598,3.383909
3.685832,0.02612956,3.318476
3.711123,0.02617597,3.269562
3.736237,0.02618776,3.197942
3.760355,0.02615167,3.245522
3.784129,0.02613102,3.175087
3.809665,0.02613266,3.074407
3.832223,0.02612865,3.031509
3.85819,0.02611033,2.999113
3.885565,0.0259966,3.092185
3.91008,0.02588882,3.02103
3.932631,0.02575317,2.966693
3.95736,0.02568977,2.981766
3.980884,0.02565235,2.990616
4.00367,0.02564342,2.99356
4.0282,0.02561799,2.988848
4.051324,0.02566296,3.17823
4.077191,0.02583018,3.271298
4.104853,0.02592338,3.290809
4.131214,0.02590705,3.27022
4.156015,0.02584855,3.245884
4.182662,0.02572565,3.246125
4.20711,0.02557097,3.215646
4.232876,0.02535262,3.208759
4.257958,0.02528863,3.276381
4.282274,0.02521626,3.403178
4.309455,0.02504632,3.430396
4.332617,0.02498198,3.432678
4.360857,0.0247263,3.47615
4.386299,0.02440917,3.164773
4.42799,0.0242612,3.170459
4.451582,0.02417205,3.183584
4.475597,0.02411452,2.998199
4.499512,0.02409464,2.939648
4.527421,0.02404611,2.79197
4.551569,0.02398099,2.660946
4.576477,0.02382128,2.377593
4.601471,0.02374006,2.166363
4.628575,0.02368284,1.852135
4.65758,0.0236242,1.536715
4.687093,0.0235953,1.234004
4.714171,0.02358596,0.9883377
4.748408,0.02354078,0.8042993
4.772969,0.02346311,0.6807005
4.797096,0.02329862,0.5406791
4.823584,0.02319189,0.4909863
4.847248,0.02304377,0.5016313
4.870951,0.02295326,0.5274898
4.894956,0.02287287,0.5716401
4.918223,0.02270861,0.6912548
4.945304,0.0224808,0.854092
4.96993,0.02232776,0.8096339
4.996057,0.02221093,0.9215358
5.024079,0.02223484,1.016833
5.050368,0.02223669,1.095037
5.074357,0.02220481,1.203335
5.097652,0.02214018,1.380835
5.12472,0.02212077,1.492921
5.155769,0.02214768,1.617615
5.181159,0.0221872,1.718283
5.212015,0.02216483,1.857727
5.2357,0.02209801,1.971296
5.262383,0.02198937,2.114148
5.290596,0.02191891,2.15004
5.314302,0.02177373,2.15495
5.339339,0.0216426,2.138356
5.36753,0.02138365,2.103754
5.392042,0.02116997,2.017515
5.414783,0.02109223,1.948428
5.439078,0.02103681,1.880552
5.46244,0.02093927,1.848962
5.491736,0.02087537,1.820912
5.5153,0.0207556,1.78202
5.539219,0.02066372,2.092748
5.564177,0.02053017,2.085253
5.59744,0.02041015,2.078578
5.622777,0.02028882,2.289611
5.649232,0.02019109,2.362978
5.675795,0.02003236,2.511468
5.700865,0.01994086,2.603764
5.727042,0.0198089,2.934916
5.751253,0.01975899,2.881267
5.776679,0.01974261,3.025304
5.826504,0.0196621,3.276201
5.851542,0.01953528,3.457344
5.877039,0.01935184,3.478515
5.901414,0.01927044,3.519754
5.925062,0.01920878,3.54547
5.948049,0.01905298,3.63157
5.972219,0.01891387,3.697241
5.9968,0.01873644,3.739212
6.024672,0.01860608,3.760517
6.04681,0.01856642,3.768112
6.071173,0.01852605,3.781702
6.094918,0.0184673,3.639433
6.117753,0.01833624,3.731191
6.141678,0.01829462,3.75661
6.166342,0.01824427,3.757339
6.190331,0.01811768,3.73544
6.213104,0.0180348,3.70322
6.242829,0.01792613,3.658429
6.268057,0.01783444,3.81957
6.292351,0.01761908,3.869132
6.319384,0.01746236,3.902593
6.345858,0.01722654,3.975965
6.372093,0.01706676,4.17828
6.39587,0.01686543,4.036141
6.421113,0.01674873,3.89948
6.449638,0.01663031,3.924159
6.47653,0.01651315,3.948932
6.501398,0.01637712,4.153741
6.525527,0.01617514,4.39231
6.550315,0.01597096,4.45395
6.574353,0.01574077,4.486069
6.59797,0.01565859,4.563213
6.623367,0.01559472,4.586719
6.650321,0.01546021,4.836063
6.672787,0.01538241,4.935862
6.695973,0.01528832,4.99069
6.720636,0.01509953,5.235625
6.744766,0.0149777,5.539092
6.770853,0.01489587,5.664239
6.793707,0.01486106,5.731863
6.819879,0.01479239,5.810991
6.847235,0.01477075,5.848681
6.878299,0.01469923,5.859396
6.903965,0.01464683,5.875364
6.927381,0.01465236,5.850859
6.95126,0.01465378,5.799275
6.977808,0.01457818,6.107274
7.0011,0.01446484,6.116095
7.025998,0.0143533,6.115518
7.050476,0.01419574,6.087275
7.080925,0.01409195,6.246232
7.105686,0.01405686,6.254763
7.133033,0.01407231,6.255328
7.175231,0.01411263,6.363531
7.197618,0.01412345,6.445003
7.222424,0.0141369,6.526934
7.246253,0.01415402,6.646175
7.272235,0.0141494,6.745379
7.301817,0.01407546,6.964861
7.326867,0.01385725,7.195848
7.353098,0.01371927,7.475775
7.37711,0.01364696,7.545794
7.403238,0.01361942,7.463296
7.425959,0.01356919,7.393244
7.453002,0.01340133,7.59484
7.479384,0.01331152,7.694829
7.510128,0.01321157,7.653784
7.535736,0.01312697,7.578673
7.558622,0.01301259,7.67652
7.584021,0.01283579,7.925334
7.608627,0.01275617,7.938895
7.631194,0.0127264,7.932489
7.655746,0.01268062,7.810298
7.679071,0.01258796,7.885232
7.70366,0.0124599,7.961463
7.730007,0.01232536,8.169022
7.754764,0.01228219,8.172962
7.779339,0.01221725,8.277754
7.806042,0.01214021,8.504477
7.829776,0.01205515,8.551961
7.856416,0.01202969,8.596651
7.881804,0.01194318,8.580346
7.905937,0.01182944,8.859936
7.936008,0.01169231,8.97205
7.959581,0.01161648,9.057813
7.984493,0.01151823,9.202015
8.009194,0.01145883,9.101527
8.035753,0.01140388,9.166326
8.06023,0.0113715,9.204727
8.086818,0.0112548,9.275783
8.110854,0.01114064,9.293965
8.137491,0.01108879,9.237823
8.163268,0.0111208,9.18607
8.187503,0.01113181,9.191267
8.210904,0.01108361,9.213092
8.239091,0.01095484,9.263253
8.265467,0.01079523,9.168233
8.289276,0.0106116,9.240164
8.315012,0.01029572,9.298278
8.343369,0.009957344,9.319475
8.372584,0.009762168,9.322469
8.397972,0.00953353,9.291385
8.423473,0.009421991,9.254084
8.446637,0.009220309,9.414067
8.471295,0.009074212,9.432048
8.494161,0.008970695,9.422603
8.536076,0.00888747,9.33814
8.566916,0.00875057,9.375216
8.591985,0.008676681,9.370415
8.615435,0.008587835,9.37249
8.638671,0.00845789,9.552754
8.661958,0.008320178,9.572962
8.689475,0.008131774,9.597962
8.71757,0.007904802,9.667354
8.745463,0.007765341,9.716849
8.774597,0.007568493,9.780522
8.797617,0.00733978,9.868566
8.823719,0.007166743,9.917623
8.848442,0.006949606,9.930879
8.873699,0.006832463,9.920001
8.899526,0.006671475,9.882723
8.923548,0.006549948,9.862347
8.948895,0.006347062,10.03097
8.977332,0.006142668,10.05604
9.003496,0.006020983,10.0589
9.029346,0.005906308,10.09444
9.054967,0.005814669,10.27608
9.081404,0.005610618,10.3405
9.107514,0.00550503,10.40611
9.131531,0.005427978,10.46445
9.157569,0.005274347,10.56013
9.187646,0.005113058,10.65743
9.210039,0.005070479,10.70348
9.234945,0.005038804,10.7488
9.258018,0.004935402,10.89217
9.282395,0.004811361,11.03433
9.309558,0.004640943,11.20094
9.34137,0.004442265,11.43458
9.371017,0.004314197,11.50838
9.401947,0.004107564,11.5694
9.427839,0.00394567,11.63508
9.452631,0.003825765,11.7005
9.477362,0.003587603,11.82998
9.505209,0.003472743,11.87478
9.530684,0.003410384,12.10934
9.554612,0.003370496,12.14729
9.578948,0.003259461,12.22769
9.605853,0.003171684,12.29204
9.628779,0.002978143,12.44622
9.655565,0.002840399,12.57771
9.681189,0.002648412,12.88001
9.706366,0.00251019,12.9998
9.731368,0.00223241,13.28567
9.75746,0.002039553,13.48229
9.781969,0.001764551,13.58836
9.813278,0.001589811,13.43922
9.837255,0.001533953,13.3434
9.86365,0.001397951,13.27977
9.890281,0.001360797,13.3776
9.933352,0.001480678,13.43845
9.957337,0.001506329,13.42578
9.982674,0.001562186,13.37696
10.01045,0.001631514,13.3228
10.03624,0.001768626,13.41754
10.06076,0.001881181,13.40186
10.08701,0.001948064,13.55279
10.1108,0.002054767,13.74393
10.13701,0.002327569,14.02285
10.16355,0.00256222,14.29843
10.18874,0.002654816,14.3316
10.21661,0.002814719,14.26888
10.24037,0.00294679,14.38009
10.26432,0.003127542,14.55307
10.28825,0.003228934,14.79973
10.31163,0.003302037,14.85895
10.33922,0.003471448,15.03801
10.36297,0.003668076,15.19624
10.39049,0.003802203,15.28411
10.42216,0.003925233,15.39909
10.4524,0.004012821,15.48189
10.47948,0.004093052,15.5815
