New Try
New Try
New Try
New Try
New Try
New Try
New Try
New Try
2.469404,0.008239241,26.53672
2.48749,0.007931413,26.6399
2.508145,0.007913696,26.64942
2.531343,0.007865721,26.6983
2.560486,0.008204992,26.75921
2.596316,0.008331981,26.87215
2.629008,0.008579695,26.87324
2.654404,0.008566956,26.89813
2.682828,0.008879966,26.93983
2.714232,0.008680482,27.12746
2.735736,0.008381959,27.40869
2.754699,0.008314423,27.47273
2.773504,0.008313512,27.54203
2.79339,0.008070067,27.88589
2.813145,0.009265139,27.65415
2.833379,0.009341552,27.74105
2.854201,0.009775437,27.87731
2.873806,0.01018823,27.88995
2.894527,0.01025336,27.83498
2.916808,0.01024185,27.82631
2.936509,0.01039371,27.89499
2.956013,0.01047544,27.94814
2.974911,0.01076672,28.0288
2.993877,0.01103217,28.06462
3.015416,0.01103217,28.06462
3.034661,0.01103217,28.06462
3.053016,0.01098659,28.11917
3.07221,0.01136088,28.14076
3.091058,0.01111377,28.13551
3.111712,0.01058017,28.52736
3.149213,0.009990322,28.77785
3.168901,0.01031946,28.90304
3.187683,0.009999737,29.03758
3.20719,0.009968889,29.0875
3.228475,0.009659892,29.25032
3.249378,0.009596797,29.38198
3.269931,0.009070135,29.47038
3.287764,0.008691004,29.49946
3.306923,0.008001425,29.64025
3.326365,0.008154665,29.68381
3.347831,0.007768955,29.7514
3.368013,0.007768955,29.7514
3.385781,0.007605582,29.77567
3.404259,0.007605582,29.77567
3.423106,0.007396997,29.80461
3.442538,0.007332944,29.83002
3.462457,0.00679915,29.95553
3.484062,0.006688491,30.04391
3.508761,0.006778155,30.00911
3.534758,0.006592904,30.01982
3.565505,0.006592515,30.0652
3.595818,0.006546967,30.28445
3.620147,0.006925259,30.36591
3.643699,0.00717747,30.4918
3.671308,0.007125908,30.50194
3.695585,0.007089556,30.70557
3.723799,0.007182029,30.77892
3.751031,0.007182029,30.77892
3.78074,0.007224126,30.77164
3.811372,0.007429723,30.92368
3.842088,0.008413223,30.91885
3.871997,0.008357988,31.03583
3.897636,0.00799472,31.21041
3.928285,0.007838626,31.22341
3.955947,0.008595115,31.33979
3.989051,0.008725492,31.44133
4.017243,0.008336367,31.58705
4.044862,0.008356546,31.63009
4.081551,0.00801616,31.67793
4.109442,0.007828028,31.70874
4.137463,0.007828028,31.70874
4.163002,0.007975996,31.69728
4.191922,0.007858182,31.75537
4.219788,0.01074223,32.05705
4.249104,0.01153653,32.2619
4.275196,0.009657369,32.1179
4.302351,0.009493233,32.15686
4.327878,0.009474064,32.28267
4.355169,0.008170198,32.34596
4.382085,0.006510195,32.4863
4.413281,0.005221423,32.63972
4.479139,0.004987872,32.65384
4.523989,0.004629728,32.73376
4.551818,0.004585808,32.79623
4.578329,0.004175225,32.90551
4.601453,0.003959653,32.99585
4.619942,0.003843015,33.06049
4.638109,0.003745328,33.11359
4.656866,0.003491052,33.14677
4.67561,0.003324636,33.19489
4.694131,0.003185152,33.25695
4.713021,0.003203073,33.29862
4.734014,0.003044205,33.4215
4.752501,0.003034587,33.41772
4.771718,0.002995871,33.45062
4.791231,0.00282021,33.46666
4.811382,0.00282021,33.46666
4.83258,0.00277817,33.465
4.851851,0.002799074,33.49786
4.871992,0.002799074,33.49786
4.892279,0.002781802,33.50627
4.916562,0.002823791,33.5366
4.941524,0.002680083,33.63285
4.968062,0.003036949,33.75659
4.991124,0.003059,33.83922
5.018911,0.003319385,33.87635
5.052215,0.003538885,33.96054
5.081506,0.003967033,34.00425
5.112393,0.003992901,34.14978
5.139413,0.003953029,34.16745
5.168035,0.004098349,34.26469
5.194573,0.004525011,34.28909
5.224421,0.004525011,34.28909
5.257434,0.004256083,34.29263
5.288355,0.004425025,34.33744
5.316356,0.004853682,34.48465
5.343254,0.004370338,34.54301
5.370531,0.00402195,34.64456
5.397452,0.004203131,34.7437
5.425782,0.004453906,34.94343
5.457469,0.004540472,35.0231
5.484406,0.004540472,35.0231
5.508914,0.004337828,35.10447
5.538084,0.00389365,35.26562
5.570366,0.003692515,35.24797
5.597898,0.00371852,35.29272
5.629196,0.003855268,35.27619
5.659689,0.003903629,35.33828
5.689469,0.004226414,35.41116
5.717348,0.004640514,35.5856
5.744504,0.004922911,35.67816
5.770901,0.005133423,35.71073
5.797348,0.005289866,35.78743
5.824096,0.00532904,35.90747
5.852105,0.005254328,32.97305
5.884824,0.005488229,36.11231
5.913751,0.004919909,32.26353
5.940025,0.005099393,36.19845
5.968991,0.004497483,31.98199
5.995932,0.004497483,31.98199
6.022894,0.003156606,30.39954
6.084104,0.003902022,31.35925
6.117192,0.003438406,30.83609
6.150365,0.002666689,30.54289
6.179671,0.0008976981,30.12287
6.210269,0.003532181,36.85104
6.240093,0.001783229,28.85156
6.270349,0.001884818,28.74738
6.295932,0.001425691,28.73894
6.325428,0.001425691,28.73894
6.3513,0.001083519,28.6623
6.376457,0.0007446259,28.60515
6.40414,0.0005264021,28.2841
6.430331,0.000708852,27.45225
6.459176,0.0008534305,26.95925
6.489653,0.0002469718,27.53855
6.518673,0.0003012531,28.44231
6.551726,0.0006059222,28.9368
6.581815,0.0005631559,28.26763
6.610953,0.0009969361,28.095
6.638297,0.001079608,28.03275
6.666603,0.00109214,28.04667
6.694338,0.00139036,28.15624
6.720724,0.001416001,27.9524
6.754023,0.001420565,27.95348
6.779506,0.001622397,27.86032
6.807477,0.001575157,27.59885
6.834115,0.001783863,25.92805
6.860149,0.002152309,27.41142
6.887204,0.00262503,27.07114
6.916561,0.002387282,26.53308
6.942541,0.003344145,26.50802
6.973856,0.00378225,26.66392
7.000448,0.004206609,26.60586
7.02644,0.004131444,26.22477
7.054277,0.004146788,25.88206
7.085353,0.004130512,26.12173
7.116095,0.004426535,26.13165
7.144865,0.004401386,26.16755
7.177618,0.005255751,25.53339
7.206952,0.005645175,25.29025
7.233481,0.005808204,24.89802
7.263597,0.00618571,24.30694
7.29178,0.006463122,24.33257
7.319886,0.007129967,24.37583
7.349345,0.007395189,24.12746
7.380024,0.007706393,23.56921
7.404572,0.007915508,23.29388
7.441381,0.00716006,23.34589
7.471324,0.007049285,23.49782
7.499431,0.007159553,23.3961
7.525352,0.007218536,22.88242
7.557333,0.00795408,24.07923
7.590538,0.008790839,23.74679
7.617076,0.008272775,24.9267
7.642617,0.007784039,25.12945
7.672173,0.008006949,27.94642
7.700157,0.008661222,30.73943
7.728889,0.008752111,32.04203
7.757842,0.008845896,32.91127
7.784445,0.008819666,33.30527
7.816421,0.008835167,33.55983
7.841721,0.008687172,33.53109
7.869771,0.008726619,33.95355
7.896215,0.008585628,34.71759
7.923904,0.008575458,34.57819
7.95132,0.008699961,34.79778
7.976866,0.008448962,34.59072
8.004247,0.008641534,34.36341
8.034086,0.008616846,34.66925
8.059381,0.008731753,33.7292
8.087101,0.009186625,33.08158
8.11431,0.008535419,31.69284
8.139374,0.008569937,31.56749
8.16732,0.00853993,31.27415
8.194251,0.00853993,31.27415
8.218006,0.00842797,30.27584
8.249735,0.00777965,29.14257
8.274893,0.007655218,26.49584
8.300455,0.006801341,23.87463
8.325461,0.006773617,22.90657
8.35139,0.006497268,21.27937
8.3771,0.005748522,19.46985
8.406158,0.005012799,17.28897
8.432819,0.004681725,16.04021
8.460429,0.00517346,15.23105
8.485534,0.005155019,14.61781
8.509666,0.005197659,14.59589
8.533473,0.005257409,13.97527
8.558398,0.005058844,13.81504
8.584573,0.005631492,13.1615
8.608762,0.00417199,11.06931
8.634094,0.004369259,11.6767
8.662168,0.00443799,11.70534
8.690275,0.004322551,11.16078
8.718035,0.004759122,11.43195
8.748456,0.006866239,14.1768
8.772522,0.009224869,17.19658
8.798134,0.009996828,18.53468
8.82138,0.01153129,20.50608
8.846745,0.01276751,21.28623
8.875076,0.01344797,21.4044
8.89955,0.01398768,22.18961
8.923003,0.01420565,21.94817
8.948143,0.01426558,22.35804
8.972971,0.01487058,22.3757
8.999532,0.01547429,17.5685
9.023674,0.01518373,18.38522
9.051221,0.01670048,16.54418
9.111504,0.01813463,14.56429
9.137669,0.01807167,12.99535
9.168281,0.01792537,12.63795
9.199327,0.01791621,11.01316
9.231708,0.01723462,11.19583
9.263194,0.01736828,10.84196
9.30035,0.01741261,10.23296
9.327815,0.01741261,10.23296
9.354505,0.0170646,9.724747
9.382385,0.01550802,8.275276
9.408195,0.0142888,6.162346
9.435346,0.0140979,6.306061
9.460545,0.01483215,5.732643
9.486862,0.01445849,5.328728
9.517241,0.01411125,4.636551
9.54333,0.01409913,4.428474
9.569999,0.0143122,3.884125
9.597531,0.01439845,3.833908
9.621155,0.01439845,3.833908
9.645823,0.01430449,3.704338
9.669131,0.01431059,3.645607
9.698938,0.01370847,3.323524
9.734446,0.01547006,3.829826
9.760873,0.0152447,4.334167
9.787363,0.0155525,4.143951
9.816541,0.01474199,2.852608
9.840805,0.01516546,2.163948
9.867151,0.01680874,2.378426
9.891423,0.01876102,1.348457
9.917282,0.01913384,0.8642044
9.945505,0.01903435,0.5193863
9.968154,0.01925026,0.3161011
9.992469,0.01925026,0.3161011
10.01729,0.01947297,0.6638947
10.04392,0.02033859,0.2679672
10.06973,0.02087011,2.772263
10.09965,0.02114499,4.961838
10.12383,0.02078451,5.506195
10.15187,0.01973792,6.455612
10.17677,0.01976708,6.042923
10.20232,0.02024787,6.999298
10.23063,0.01981049,7.943291
10.25546,0.01929652,8.968781
10.28034,0.01903111,8.629509
10.30832,0.01898214,9.423203
10.33429,0.01865568,9.979759
10.36186,0.01851703,10.04051
10.3853,0.01837204,10.28391
10.4102,0.01828627,10.26449
10.43446,0.01836554,11.02262
10.46331,0.0175778,12.67958
10.48946,0.01726164,14.66027
10.51576,0.01746128,14.84986
10.53906,0.01787658,15.4711
10.56932,0.01843588,16.1327
10.59607,0.01839218,16.63216
10.61966,0.01808618,18.31199
10.64788,0.01757224,19.22275
10.67175,0.01658232,20.70493
10.69639,0.0156831,20.10227
10.72047,0.01559729,20.21543
10.74962,0.01543556,19.70914
10.78018,0.01543836,19.88476
10.81403,0.01558484,21.91667
10.84346,0.01619655,24.55023
10.86873,0.0157696,25.88885
10.89424,0.0140994,25.19065
10.91967,0.01365207,26.0108
10.94575,0.01360434,26.82558
10.96974,0.01336814,27.58951
10.99857,0.01332045,28.00152
11.02208,0.01358861,28.39576
11.04846,0.01320557,29.25982
11.07334,0.01272364,31.13953
11.09978,0.01257483,31.35458
11.12429,0.01248882,31.71956
11.14784,0.01215406,32.05761
11.17178,0.01227371,31.84854
11.2,0.01222234,32.9756
11.22473,0.01210018,33.39526
11.25134,0.01209265,33.77453
11.27854,0.01175946,33.77425
11.30351,0.01218391,35.04372
11.33136,0.01143862,35.44634
11.35467,0.01143849,35.30119
11.38136,0.01084259,35.44572
11.41139,0.01120305,36.00655
11.43682,0.01134897,36.27907
11.46238,0.01142082,36.2738
11.48622,0.0116022,36.26654
11.51096,0.0116838,36.04784
11.53473,0.01197843,35.93697
11.55934,0.01162518,36.15755
11.5843,0.01125707,35.71713
11.6127,0.01131951,35.58405
11.63567,0.01105939,37.47775
11.66315,0.01145025,37.16128
11.68999,0.01198801,37.43552
11.71579,0.01209806,36.56564
11.74171,0.01209394,37.23344
11.76706,0.01224438,37.49075
11.79199,0.01294792,37.43436
11.82238,0.01295863,37.61143
11.8508,0.01298504,37.58829
11.87531,0.01303646,37.77319
11.90035,0.01306567,37.94958
11.92644,0.01310916,38.23474
11.95061,0.01260639,39.3055
11.97764,0.01231502,40.44412
12.00327,0.01141649,40.72795
12.03145,0.01122603,41.44357
12.05845,0.01054968,42.36029
12.08434,0.00997087,43.22646
12.13501,0.00928475,43.27863
12.15665,0.008450337,43.96263
12.18015,0.00823373,44.27325
12.20235,0.008060709,44.49838
12.22415,0.008060709,44.49838
12.25411,0.008028191,44.38486
12.28023,0.008374367,43.74232
12.30786,0.006673194,45.31741
12.33372,0.006831769,44.72787
12.36421,0.006657537,45.28851
12.38803,0.007054441,45.02715
12.41437,0.007325374,44.38078
12.43872,0.007291477,44.10921
12.46622,0.007404987,44.37204
12.48963,0.007363711,44.47923
12.51415,0.007401589,44.42273
12.53923,0.008121699,43.45941
12.56333,0.008121699,43.45941
12.58692,0.008201823,43.42349
12.61132,0.008274317,43.61412
12.63879,0.009128299,43.25031
12.67027,0.009670231,43.76404
12.69777,0.009551853,44.2379
12.72415,0.009733386,44.00705
12.74946,0.009791732,43.97731
12.77587,0.009425975,44.46173
12.80258,0.008559085,45.8166
12.83244,0.00849741,45.95383
12.85822,0.007657949,46.87782
12.88483,0.006974775,47.51003
12.91187,0.006943688,47.23589
12.93671,0.006937958,47.33485
12.96219,0.006823,47.43227
12.98549,0.006629933,47.71655
13.01065,0.005756117,48.85222
13.03368,0.005963679,48.62489
13.06309,0.005587999,49.17589
13.09282,0.005159363,49.33514
13.11584,0.004443653,49.93567
13.13971,0.004377406,49.93306
13.16429,0.004299797,50.05234
13.18812,0.003582627,50.34766
13.21383,0.003042962,50.97473
13.23778,0.002744976,51.07561
13.26352,0.00198482,51.78902
13.29154,0.001842074,51.99394
13.31498,0.00170815,51.97473
13.33889,0.001761664,51.99562
13.36559,0.002298128,51.40147
13.39059,0.0013455,52.82472
13.41629,0.001638118,52.79199
13.44622,0.001485836,52.7618
13.4707,0.001492813,52.82574
13.498,0.002086692,52.40413
13.52373,0.001733471,52.78479
13.54823,0.001570251,52.86952
13.57263,0.001756564,52.90013
13.59684,0.00234982,52.69505
13.62165,0.002556432,52.65846
13.64609,0.002631485,52.54257
13.6693,0.002555043,52.72041
13.69566,0.002555043,52.72041
13.7228,0.002500847,52.86839
13.74759,0.002646696,53.16052
13.77283,0.002443843,53.30042
13.79677,0.002735488,53.44676
13.82283,0.003312245,52.99985
13.84917,0.003145855,54.22984
13.88077,0.003548887,54.19754
13.91176,0.003692023,54.16078
13.94379,0.003662106,54.31529
13.97456,0.003515996,54.71643
14.00462,0.003714092,55.01254
14.03104,0.003714092,55.01254
14.0578,0.003666092,55.23201
14.08197,0.003579203,55.39429
14.10553,0.003656775,55.65762
14.13027,0.003982205,55.73734
14.16136,0.002523102,57.28015
14.18908,0.002715107,57.31364
14.21424,0.003017623,57.79308
14.24336,0.002317224,58.06935
14.27148,0.001769911,58.21512
14.30145,0.0009813234,58.73842
14.33207,3.226101E-06,59.42213
14.36269,0.0009608194,59.85303
14.3859,0.001580369,60.12798
14.41429,0.001580369,60.12798
14.4405,0.001592219,60.14687
14.46938,0.001667753,60.18982
14.49913,0.002381161,60.65102
14.52794,0.003676776,61.26471
14.55459,0.003843185,61.32179
14.58321,0.004572805,61.52014
14.61012,0.00435764,61.56058
14.63395,0.004425533,61.67149
14.66,0.004817288,61.95959
14.68352,0.005108912,62.17839
14.70763,0.005257424,62.39484
14.7359,0.005056497,62.55182
14.7644,0.005062435,62.57808
14.79481,0.005329981,62.6705
14.82125,0.005629219,62.81516
14.84857,0.006123997,63.30807
14.87962,0.006818533,63.61403
14.90487,0.006735824,63.61537
14.93039,0.00652045,63.68617
14.95594,0.006429683,63.7484
14.98579,0.006595287,63.6367
15.02012,0.007128473,63.80597
15.05532,0.007604573,64.07655
15.10184,0.007750101,64.17654
15.12521,0.007886071,64.27003
15.14472,0.007981867,64.35101
15.15877,0.007981867,64.35101
15.17248,0.00822122,64.47247
15.18833,0.00856775,64.63396
15.20813,0.00847714,64.9157
15.22599,0.008412909,64.99265
15.24514,0.008710358,65.24704
15.26869,0.00994692,65.46222
15.29173,0.01085266,65.62628
15.31429,0.01153018,65.90553
15.33756,0.01160741,66.04944
15.36309,0.01159902,66.14722
15.38903,0.01162567,66.29016
15.41002,0.01165034,66.34552
15.43051,0.01202145,66.52798
15.45279,0.01239316,66.52487
15.47579,0.0126631,66.66788
15.49558,0.01493827,52.70013
15.51509,0.01483549,52.6918
15.53515,0.01483549,52.6918
15.55474,0.0148901,52.63144
15.578,0.01460656,52.59014
15.59854,0.01466703,52.51037
15.62238,0.01479356,52.06562
15.64254,0.01472452,51.89
15.66261,0.01481108,51.64554
15.68336,0.01482045,51.42098
15.70461,0.01485843,51.35231
15.7258,0.01487347,51.24092
15.74526,0.01502008,50.97585
15.76607,0.01548594,50.14492
15.78731,0.0156173,50.0921
15.80853,0.01571667,49.90983
15.82859,0.01579072,49.72666
15.84796,0.01546261,49.6593
15.8678,0.01546261,49.6593
15.88717,0.01549473,49.61836
15.90921,0.01552199,49.5863
15.92845,0.01534208,49.5006
15.95122,0.01528296,49.26442
15.97711,0.01553156,48.48874
15.99897,0.01562219,48.08609
16.02155,0.01561913,47.96771
16.04335,0.01555524,47.80844
16.06301,0.01564874,47.45751
16.08337,0.01568352,47.26794
16.10323,0.01562766,47.22532
16.12524,0.01561337,47.09052
16.14511,0.01542724,46.67714
16.16544,0.01548093,46.34333
16.18711,0.01578334,46.13583
16.20751,0.01600198,46.12836
16.22613,0.01600198,46.12836
16.24693,0.01610271,46.19032
16.26704,0.01636872,46.19252
16.2874,0.01636872,46.19252
16.31112,0.01648945,46.18884
16.33291,0.01655435,46.13029
16.35499,0.01678335,45.99358
16.377,0.01682534,45.9372
16.4001,0.01694132,45.82726
16.42453,0.01743565,45.6735
16.44616,0.0180739,45.47069
16.46991,0.01861761,45.27792
16.49094,0.01911391,45.2254
16.50839,0.01909343,45.32867
16.52744,0.01901063,45.40821
16.54889,0.01908677,45.28208
16.56806,0.01913824,45.20953
16.5886,0.01928208,45.0467
16.60733,0.01928208,45.0467
16.62557,0.0193023,45.04696
16.64456,0.01924992,45.02217
16.6663,0.01940119,45.16801
16.69202,0.01952112,45.1138
16.71394,0.01930792,44.94054
16.7348,0.01931501,44.9039
16.7583,0.01923154,45.02755
16.78044,0.01927692,45.05445
16.80155,0.01926192,45.04248
16.82443,0.01920898,44.98651
16.84555,0.01920332,44.97758
16.86476,0.01918026,44.9556
16.88353,0.0192652,45.05894
16.90428,0.0193142,45.06814
16.92489,0.008768454,63.01363
16.94414,0.007830005,62.62141
16.9635,0.007830005,62.62141
16.98333,0.007685896,62.65416
17.00345,0.007477153,62.013
17.02382,0.007477153,62.013
17.04319,0.01943957,44.94637
17.0635,0.01943957,44.94637
17.0858,0.006734822,61.18787
17.10734,0.004490431,59.18659
17.12514,0.004145943,58.7605
17.14341,0.003074504,56.06226
17.163,0.002644185,54.83274
17.18221,0.00211921,53.75064
17.20398,0.0003441498,51.10777
17.22617,0.0001779236,46.84785
17.24827,0.0002519749,48.53938
17.27359,0.0003165007,46.79421
17.29554,0.0003702529,44.77378
17.31907,5.587935E-08,43.54543
17.34155,5.587935E-08,43.54543
17.36051,5.587935E-08,43.54543
17.37874,0.0001376159,43.41289
17.39786,0.0003360324,42.24091
17.41861,0.0004566535,40.39451
17.43991,0.001024008,37.19729
17.45929,0.001284905,36.73863
17.47909,0.001557436,35.90301
17.50154,0.001869332,34.62224
17.52599,0.002804197,33.95231
17.56007,0.003720935,33.32633
17.57874,0.003962349,32.52665
17.59814,0.003920015,31.98684
17.61767,0.004187807,32.16086
17.63985,0.004384093,31.735
17.66263,0.005281627,30.04974
17.69061,0.005416311,29.67686
17.71465,0.005525142,29.53619
17.74271,0.005771533,29.23303
17.77024,0.005852975,28.53553
17.79824,0.005756818,28.07759
17.82895,0.006137002,26.81009
17.86153,0.006821018,24.79262
17.89364,0.007277336,23.31575
17.93284,0.007466242,22.01286
17.9636,0.007625852,21.05077
17.99123,0.00795107,19.22536
18.01663,0.00799457,18.76189
18.0474,0.008227933,17.34853
18.0768,0.008227933,17.34853
18.10489,0.00807469,17.49786
18.13322,0.008192882,16.10086
18.16386,0.007684339,15.93986
18.19224,0.007370006,13.62654
18.22221,0.007097442,13.12201
18.24924,0.007061701,12.66873
18.27619,0.007209055,11.24975
18.30422,0.007339031,10.33804
18.33203,0.007819876,8.877647
18.36389,0.00821235,7.797508
18.40208,0.008564878,6.956696
18.43772,0.008538064,6.852539
18.46877,0.008527491,6.765198
18.49724,0.008779295,6.535797
18.52652,0.008660644,6.615547
18.5582,0.01002077,5.983101
18.58798,0.01050602,5.732727
18.62532,0.01060691,5.680054
18.65759,0.01134993,5.707451
18.68374,0.01176511,5.659698
18.71081,0.01214264,5.875092
18.74289,0.01244631,5.555916
18.77245,0.01260537,5.534981
18.79807,0.01285131,5.408684
18.82783,0.01294491,5.177147
18.85489,0.01297807,5.244576
18.88091,0.01299032,5.362968
18.91032,0.01315976,5.298355
18.93603,0.01357667,4.524246
18.96546,0.01438392,3.439186
18.99334,0.0153879,3.047829
19.01864,0.01516966,3.32428
19.05213,0.01535529,2.813255
19.08743,0.01592073,2.347336
19.11984,0.0162395,2.290039
19.15265,0.0161199,1.960999
19.1833,0.01607034,2.016197
19.21089,0.01609464,1.969299
19.24007,0.01604079,2.008087
19.27322,0.0154763,2.055527
19.30025,0.01551766,1.349388
19.33051,0.0156016,0.456871
19.36461,0.01646835,0.446312
19.39854,0.01671159,1.415138
19.43022,0.01549542,1.45594
19.46166,0.01386915,0.9253082
19.498,0.0130154,1.472046
19.52744,0.01279771,1.596657
19.55635,0.01264402,1.265236
19.58969,0.01246311,1.1894
19.61551,0.01228558,1.351036
19.64439,0.01186762,1.717117
19.6756,0.01247064,2.283669
19.70815,0.01193782,2.240913
19.73514,0.0119021,1.857857
19.76213,0.01227504,1.860817
19.78918,0.01337976,2.912216
19.81505,0.01557193,4.129936
19.84176,0.01493011,4.117744
19.87271,0.01516529,5.026123
19.8994,0.01536352,5.353767
19.92984,0.01588617,5.168022
19.9581,0.01591321,5.241165
19.99156,0.0158268,5.509155
20.02127,0.01607708,6.599724
20.05029,0.01779447,7.333969
20.07901,0.01791103,7.915047
20.10765,0.01828681,8.188889
20.14223,0.01869317,8.118759
20.17271,0.01954591,8.479088
20.20368,0.0186041,8.267265
20.23258,0.0183992,8.581993
20.26088,0.01868272,9.988388
20.29067,0.01868272,9.988388
20.31703,0.01975896,9.708237
20.3544,0.02055315,10.14046
20.38258,0.01988586,10.31583
20.41385,0.01878368,9.911598
20.44285,0.01651907,8.959602
20.4749,0.01658673,8.815552
20.50305,0.01532806,8.272797
20.53074,0.01417196,7.680984
20.56558,0.0133401,7.046158
20.60178,0.01171245,6.200462
20.63906,0.01144086,6.181992
20.66833,0.01121873,6.043495
20.69493,0.01061692,5.612358
20.71736,0.009829875,5.168243
20.75898,0.008983403,4.286949
20.78212,0.008723054,4.04734
20.80331,0.008337069,3.841957
20.82244,0.008126818,3.825981
20.84242,0.008025739,3.520035
20.86397,0.007915579,3.952316
20.88487,0.007695828,3.926994
20.90579,0.008138359,3.711273
20.93313,0.008001063,3.673683
20.96124,0.007806379,3.368492
20.98872,0.00751669,3.350868
21.01202,0.00751669,3.350868
21.03783,0.007427018,3.445564
21.06447,0.007663012,3.775505
21.09142,0.008088004,3.365631
21.11694,0.007339261,3.076347
21.14261,0.007651065,2.468483
21.17063,0.006837554,1.43161
21.199,0.006031413,1.498032
21.22863,0.007250004,2.456306
21.25482,0.007438608,2.208366
21.27782,0.006614912,1.814346
21.30381,0.005695131,2.131622
21.32786,0.006097715,2.375313
21.35401,0.004912026,2.356728
21.37657,0.004919823,2.571877
21.40525,0.00516868,2.844833
21.4305,0.005045712,2.828873
21.45662,0.005033866,3.497139
21.4807,0.00558969,3.845474
21.50604,0.005356736,3.771378
21.53202,0.005118214,4.442108
21.55846,0.004370116,3.961212
21.5855,0.004069917,3.601578
21.61415,0.005495261,3.960297
21.63833,0.00556118,3.419228
21.66352,0.005960234,3.076469
21.69198,0.005821496,3.145775
21.72063,0.005522989,2.395149
21.74752,0.005390815,1.998215
21.77422,0.005304459,1.831871
21.79859,0.005246371,1.716728
21.8404,0.00604941,2.057693
21.86591,0.005554236,1.745956
21.89024,0.003274515,0.2070694
21.91529,0.001688719,0.7820358
21.93933,0.002211682,0.4553833
21.96365,0.002064373,1.163269
21.98975,0.001367431,1.449715
22.01325,0.0005180053,2.024269
22.04087,0.0005853474,3.601463
22.06568,0.001356073,2.277069
22.09092,0.0009969361,3.088348
22.11434,0.001428429,2.481964
22.14023,0.001665846,2.844437
22.16481,0.001665846,2.844437
22.18918,0.002134252,2.473
22.21329,0.002918806,3.202484
22.24251,0.004122052,1.808884
22.27065,0.005308852,1.175728
22.29772,0.005927589,0.3804398
22.32403,0.005956639,0.08666229
22.34796,0.006183583,0.3152771
22.37219,0.006550413,0.4886703
22.39631,0.007363301,0.1221695
22.42191,0.005743686,1.144646
22.45045,0.005700223,0.03655243
22.47516,0.004943252,0.08899689
22.50183,0.005378596,0.6272049
22.5259,0.005362656,0.521904
22.55228,0.005201373,0.9955292
22.57636,0.004427657,0.4722214
22.60327,0.005865049,1.229431
22.62799,0.006012689,1.909798
22.65641,0.006392509,1.959915
22.68196,0.006525636,1.95591
22.7081,0.006201472,3.916245
22.73706,0.006347418,3.936745
22.76202,0.006605498,3.917725
22.78884,0.006714217,4.334602
22.81543,0.00664134,4.766296
22.84034,0.006742124,5.309402
22.87059,0.007468108,6.255196
22.89486,0.007468108,6.255196
22.91878,0.008113865,6.147034
22.94407,0.008389812,6.854172
22.96865,0.008358169,8.010254
22.99397,0.00898885,8.834717
23.01955,0.009421561,10.12067
23.04339,0.009998146,10.94687
23.07718,0.009623725,10.73942
23.10307,0.009387646,11.4361
23.12754,0.009792589,11.81284
23.15396,0.009535369,11.61794
23.17918,0.009015966,11.92004
23.20377,0.008792732,12.5997
23.22986,0.007795088,12.44537
23.25916,0.008430298,13.05132
23.29,0.008243483,13.96879
23.31789,0.008194253,14.50957
23.34137,0.008797754,14.85001
23.36685,0.009802748,15.85421
23.39123,0.01007481,16.26545
23.41716,0.01014017,18.50126
23.44177,0.01011247,18.94328
23.46638,0.01042,20.17074
23.49343,0.01085777,22.99588
23.51855,0.01046502,23.39201
23.54391,0.01025901,23.73053
23.57024,0.0103738,24.05685
23.59519,0.0103738,24.05685
23.61919,0.01076498,25.46765
23.67243,0.01103409,25.22722
23.70227,0.01060171,26.44104
23.72597,0.01042707,26.62969
23.75447,0.01071096,27.32805
23.78106,0.01016766,28.19501
23.80765,0.009357046,28.20258
23.83638,0.008550934,28.24145
23.86596,0.007733658,28.52552
23.89161,0.006804965,29.2031
23.92192,0.005885512,30.19909
23.94837,0.00568758,30.83582
23.97197,0.00568758,30.83582
23.99571,0.00510088,30.95609
24.02094,0.005152073,31.27311
24.04644,0.005152073,31.27311
24.07191,0.004829396,31.43742
24.09735,0.003836613,32.72548
24.12775,0.003464561,33.55837
24.15471,0.002040152,35.3755
24.18004,0.002204433,35.83278
24.2054,0.002351992,36.25953
24.22897,0.002422776,36.77814
24.25583,0.002198119,37.50877
24.28101,0.002311669,37.59428
24.30803,0.002672948,37.47408
24.34101,0.002912689,37.64823
24.36535,0.002912689,37.64823
24.38869,0.002555657,38.21873
24.41548,0.002950586,39.0407
24.44226,0.002645966,40.12758
24.47258,0.003296278,41.05792
24.50256,0.003057718,41.66457
24.5298,0.003106207,42.78419
24.55841,0.002790075,43.38689
24.58577,0.002850883,44.18324
24.60952,0.003260355,43.93474
24.63463,0.002779152,44.85587
24.66109,0.01394239,43.86053
24.68529,0.002572685,45.08403
24.71077,0.002441365,45.21039
24.73747,0.002359036,45.64232
24.76519,0.002066955,46.07579
24.79027,0.00200488,46.30344
24.81874,0.0006932355,47.1929
24.84717,0.01414232,43.51873
24.87185,0.0009862073,48.39313
24.89526,0.001399446,48.91025
24.92015,0.01401376,43.36629
24.94551,0.001931198,49.05965
24.97446,0.002520837,49.35771
24.99884,0.0138631,43.08692
25.02328,0.01371441,42.8893
25.04944,0.01359506,42.95835
25.07581,0.01360144,42.97261
25.10055,0.01346549,43.1109
25.12514,0.01373494,43.09296
25.15013,0.01346825,43.09414
25.17865,0.01343923,43.31723
25.20366,0.01348076,43.26267
25.22734,0.01345752,43.4719
25.25201,0.01340904,43.50217
25.27696,0.01335025,43.49369
25.30413,0.0133208,43.54336
25.33013,0.0135279,43.70321
25.35395,0.01345511,43.78253
25.38514,0.01324703,44.01067
25.41126,0.01320232,44.02913
25.43577,0.01329806,44.05957
25.45987,0.01330586,44.03342
25.48467,0.01333515,44.06461
25.50895,0.01306766,44.26511
25.53711,0.01295635,44.36727
25.56327,0.01295962,44.50844
25.59028,0.01243846,44.52652
25.61705,0.01238837,44.66586
25.64318,0.01216153,44.7057
25.67034,0.01198851,44.69062
25.69425,0.01190656,44.96083
25.71942,0.01209855,44.8021
25.74408,0.01172883,45.00634
25.76947,0.01161218,45.09129
25.79646,0.01173375,45.1417
25.82115,0.01173375,45.1417
25.84591,0.01182936,45.08886
25.86909,0.01204971,44.86177
25.89795,0.01175121,45.30109
25.92429,0.01165454,45.49492
25.94887,0.01165454,45.49492
25.97147,0.01125833,45.36619
26.00159,0.0114837,45.43152
26.02593,0.0116369,45.6128
26.05349,0.01234253,45.99408
26.07912,0.01243946,45.92318
26.10364,0.01212296,45.92989
26.12981,0.0121436,46.23245
26.15684,0.01226156,46.33265
26.18448,0.01226156,46.33265
26.2106,0.01225927,46.32124
26.23508,0.01228296,46.35011
26.25846,0.01235571,46.34773
26.28407,0.01197883,46.61158
26.30926,0.01132908,46.59549
26.33749,0.01095448,46.6386
26.36659,0.0107147,46.54286
26.39241,0.01035309,46.51505
26.42149,0.01009147,46.57819
26.44534,0.009803087,46.6824
26.46867,0.009627066,46.65092
26.49302,0.009545018,46.5826
26.51861,0.009624321,46.60197
26.56957,0.009596252,46.58414
26.59408,0.009596252,46.58414
26.6215,0.009517041,46.66868
26.64779,0.009711596,46.77209
26.67359,0.01032679,46.96654
26.69984,0.01089274,47.23198
26.72599,0.01082066,47.30866
26.75218,0.01141642,47.3927
26.77726,0.01044934,47.38866
26.80389,0.01064672,47.53382
26.83305,0.01054553,47.63684
26.85952,0.01038698,47.95618
26.88446,0.01030777,47.90801
26.9086,0.01029812,47.86888
26.93378,0.01039861,47.90243
26.95781,0.01030036,48.01697
26.98555,0.009759057,48.35705
27.01024,0.009702058,48.543
27.0372,0.009394911,49.04594
27.06148,0.009397913,49.18716
27.08765,0.009198767,49.06921
27.11294,0.009405458,49.23697
27.13731,0.008557303,49.32237
27.16351,0.008498794,49.59076
27.18796,0.008544715,49.56705
27.2143,0.008496869,49.58288
27.24168,0.008411816,49.90924
27.26788,0.008295828,49.95112
27.29228,0.008274062,50.07749
27.31748,0.008278347,50.11293
27.343,0.008282309,50.14824
27.37043,0.008264926,50.42519
27.39941,0.008490601,50.31616
27.42453,0.009663464,50.85131
27.45649,0.01155525,51.07121
27.48124,0.01235183,51.17591
27.50422,0.01294982,51.35101
27.52884,0.01409072,51.59145
27.55317,0.01558186,51.76084
27.57888,0.01628948,51.9178
27.60316,0.01827065,52.24609
27.62807,0.0183454,52.28259
27.65471,0.01843893,52.32456
New Try
New Try
New Try
New Try
New Try
New Try
New Try
2.65333,0.01246242,28.81862
2.6734,0.01278233,28.92741
2.698884,0.01244165,28.95258
2.724374,0.01217799,28.95287
2.751175,0.01196372,28.72639
2.775932,0.01190895,28.57741
2.800854,0.01133681,28.44527
2.825583,0.01113834,28.43078
2.852536,0.01114994,28.40406
2.879206,0.01211915,27.84627
2.905353,0.01230916,27.71516
2.930656,0.01238818,27.65132
2.955847,0.01238818,27.65132
2.980545,0.01238386,27.68025
3.007256,0.01248586,27.40365
3.034557,0.01218298,27.27739
3.063178,0.01234232,27.00039
3.091192,0.01263552,27.12548
3.116874,0.01263552,27.12548
3.13946,0.01321101,27.05389
3.212256,0.0134259,27.03614
3.234918,0.01363469,27.03077
3.26048,0.01375304,27.18513
3.283793,0.01378858,27.17917
3.305918,0.01395123,27.20655
3.333258,0.01402563,27.19569
3.357588,0.01410114,27.21095
3.383907,0.01446412,27.24454
3.406802,0.01541898,27.57128
3.432849,0.01551732,27.69186
3.455781,0.0154785,27.71861
3.4833,0.01580758,27.70322
3.505134,0.0159011,27.73979
3.529952,0.01628013,27.79554
3.553029,0.01627188,27.9392
3.577129,0.01621303,28.05182
3.602525,0.01653411,28.11407
3.625229,0.01674293,28.1486
3.649584,0.01668605,28.0907
3.671946,0.01673203,28.10811
3.699211,0.01676345,28.12698
3.720669,0.01678461,28.13257
3.743846,0.0170067,28.19524
3.770447,0.01708093,28.22943
3.792685,0.0178914,28.38639
3.816384,0.01827945,28.4677
3.838425,0.01848531,28.813
3.862254,0.01749093,28.81673
3.885036,0.01672476,28.95272
3.910536,0.01656242,28.95433
3.936207,0.0163219,29.01412
3.958181,0.01611438,29.11924
3.980996,0.01610144,29.24067
4.003577,0.01626696,29.18114
4.025421,0.01621056,29.18629
4.048932,0.01615757,29.19067
4.071822,0.01628973,29.16581
4.096075,0.01616474,29.22198
4.122131,0.01580312,29.29698
4.146841,0.01514153,29.15521
4.170395,0.01494129,29.22103
4.194765,0.01464895,29.29243
4.222285,0.01477733,29.26157
4.245149,0.01465726,29.23784
4.271077,0.01465718,29.29606
4.296945,0.01475674,29.39694
4.32198,0.01494377,29.40668
4.344668,0.01507823,29.50454
4.368341,0.01508844,29.60871
4.419085,0.01503742,29.70743
4.446943,0.01503742,29.70743
4.471479,0.01509978,29.79002
4.497023,0.01516998,29.81693
4.525459,0.01560178,29.82034
4.550906,0.01546836,29.95898
4.579248,0.01569263,29.99086
4.604398,0.01582877,29.99958
4.627512,0.01577624,29.86072
4.65231,0.01584791,29.91802
4.6763,0.01584797,29.9848
4.700857,0.01594597,30.04511
4.729605,0.01606323,30.11433
4.75695,0.0163171,30.25416
4.784512,0.01632682,30.27584
4.81173,0.01641713,30.29265
4.836317,0.01705435,30.36385
4.861296,0.01835436,30.77972
4.885169,0.01871399,30.94984
4.91152,0.0177593,30.92305
4.941424,0.0176247,30.98895
4.96646,0.01765168,31.13275
4.990716,0.01789988,31.22429
5.017441,0.01811262,31.31562
5.040635,0.01811584,31.31256
5.06727,0.01817498,31.38923
5.090853,0.01801196,31.35746
5.116704,0.01851357,31.64458
5.14256,0.01849585,31.59857
5.16781,0.01849585,31.59857
5.19276,0.01862356,31.70528
5.218823,0.01782043,31.81207
5.247296,0.01760222,31.95529
5.27363,0.0173682,31.9419
5.298851,0.01688854,32.09381
5.323926,0.01686217,32.19081
5.353068,0.0168521,32.1722
5.378774,0.01648293,32.21399
5.403499,0.01664438,32.38041
5.427525,0.0168154,32.28374
5.452093,0.01678749,32.37345
5.477962,0.01668038,32.59385
5.502855,0.01668038,32.59385
5.526906,0.01698197,32.65568
5.555069,0.01732774,32.62557
5.582762,0.01758542,32.61598
5.607823,0.01761511,33.00826
5.633123,0.01816433,33.12092
5.656326,0.01796533,33.1201
5.681583,0.0181862,33.23309
5.705992,0.01810015,33.41846
5.731355,0.01858454,33.5209
5.762222,0.01844773,33.56502
5.791969,0.01870508,33.65722
5.822087,0.01989175,33.98594
5.853477,0.02037716,34.04265
5.878643,0.02041264,34.05882
5.90108,0.0202364,34.05759
5.924976,0.02024537,34.19586
5.951323,0.00544576,30.1974
5.982562,0.004876871,29.5436
6.006888,0.004693966,29.71922
6.032588,0.004134759,29.15038
6.057642,0.003531806,27.45644
6.083063,0.003299296,27.84452
6.108616,0.002933182,27.20823
6.134021,0.002145119,26.51711
6.158871,0.001360055,25.62339
6.187435,0.001110721,26.41994
6.21285,0.0004559085,26.62313
6.23598,0.0004559085,26.62313
6.260994,0.0001527108,26.10608
6.287663,0.000447534,26.13861
6.316864,0.0008104704,25.16666
6.346838,0.002273101,23.30428
6.373763,0.003575914,22.85026
6.403171,0.004183151,22.03532
6.427217,0.004613765,21.10029
6.451841,0.005350456,19.15244
6.480993,0.006840002,17.78039
6.507997,0.007096067,16.50305
6.533701,0.007791273,15.34253
6.559913,0.008321416,14.45175
6.590903,0.00866124,13.96579
6.623021,0.008580074,13.98936
6.646751,0.008696634,13.34698
6.666654,0.009035211,13.05061
6.680137,0.009477071,12.76678
6.693043,0.009571411,12.43063
6.709026,0.009619575,11.55006
6.725021,0.009708058,11.60953
6.740171,0.009526901,10.0058
6.756554,0.009621385,9.640228
6.775393,0.009620275,9.483665
6.7978,0.009678602,8.106834
6.823119,0.009844285,8.014893
6.845497,0.009946082,7.202965
6.867281,0.009941623,6.788445
6.894572,0.01012911,6.479485
6.916987,0.009979352,5.174103
6.938859,0.01009533,5.217583
6.959389,0.01011982,5.090851
6.979722,0.01007055,5.271744
6.997993,0.01010228,5.301949
7.01826,0.01000741,5.443123
7.037501,0.01009765,5.243408
7.057379,0.00959209,5.316551
7.078856,0.008979451,5.499565
7.098979,0.008896831,5.15242
7.11894,0.008715004,4.581177
7.139888,0.008128278,3.227295
7.159855,0.008423273,3.640831
7.184312,0.009255949,2.916237
7.230975,0.008279778,1.796654
7.259119,0.008385111,1.385635
7.282037,0.008625768,0.9522324
7.306014,0.008998867,0.5386429
7.332934,0.009251799,0.320076
7.358563,0.009008624,0.427124
7.384105,0.009229176,0.1720657
7.41047,0.008967683,0.4833298
7.438572,0.008777205,3.536743
7.468344,0.008807812,6.297401
7.491906,0.009275839,5.922173
7.516423,0.009557921,6.220474
7.54038,0.009790946,6.704987
7.566404,0.01041035,8.488075
7.590712,0.01041035,8.488075
7.615395,0.01071157,8.877205
7.641344,0.01101921,8.956955
7.669827,0.01097196,10.14523
7.697313,0.01110375,10.61876
7.72076,0.01106574,10.9003
7.747315,0.01118943,10.84108
7.771552,0.01150072,11.08926
7.800983,0.01219787,11.03453
7.826426,0.01364353,9.717766
7.852814,0.01385612,9.755913
7.883412,0.01419215,10.14268
7.910391,0.01399174,10.60917
7.935529,0.01413658,10.67616
7.961924,0.01416093,10.40078
7.984634,0.01448371,10.25405
8.009596,0.0143407,10.55974
8.034277,0.01422152,11.06409
8.058691,0.0143849,11.48675
8.088003,0.01447616,11.36784
8.115206,0.01445095,11.70665
8.143323,0.0149549,12.06793
8.169691,0.0146339,11.95789
8.200431,0.01414041,13.6346
8.227893,0.01422555,14.18103
8.25344,0.01283275,14.1646
8.282161,0.01258897,14.65662
8.314301,0.01213204,17.33694
8.343939,0.01132719,16.45865
8.372665,0.01269435,17.92059
8.400855,0.01194513,16.69091
8.433817,0.01234949,16.97784
8.464634,0.01217866,17.19004
8.492759,0.01199709,17.36089
8.522781,0.01233087,16.79718
8.549289,0.01287407,16.75609
8.579764,0.01383394,16.45036
8.606927,0.01431558,15.36572
8.633781,0.01507131,14.9704
8.662257,0.01591178,14.54834
8.686646,0.01685726,15.66739
8.712981,0.0171013,16.4325
8.744236,0.01795067,17.20064
8.773065,0.01864946,18.12843
8.802443,0.01865466,18.30718
8.829666,0.01873352,18.48409
8.856544,0.01886612,18.48371
8.886058,0.01915863,18.67246
8.914277,0.01920082,19.60548
8.950687,0.02000841,21.94666
8.98289,0.02007866,23.36782
9.012237,0.02033556,22.88762
9.038337,0.02016529,23.17139
9.067083,0.01960551,22.22878
9.095219,0.01917375,21.35778
9.122243,0.01814467,20.50931
9.15244,0.01756928,20.39919
9.180242,0.01733134,20.32285
9.205089,0.01733134,20.32285
9.230078,0.01708145,19.49328
9.255839,0.01432022,14.20718
9.283436,0.008513555,11.45796
9.31375,0.004080001,12.1664
9.340237,0.003293961,10.92368
9.370936,0.001180939,11.14037
9.399996,0.0002061948,10.18919
9.428227,0.000440333,9.731827
9.454461,0.001054902,8.903229
9.485269,0.003891863,8.864548
9.512348,0.004419625,8.96933
9.536702,0.004419625,8.96933
9.562435,0.004874751,9.16169
9.59261,0.004940115,9.065796
9.619946,0.009412318,10.03531
9.646763,0.003076836,7.33519
9.675194,0.004289344,7.529198
9.702717,0.003907207,7.100975
9.730599,0.005471829,8.149925
9.75801,0.005649284,8.839577
9.78468,0.004755735,8.517494
9.816442,0.004081689,8.854599
9.845015,0.00327212,8.330421
9.8743,0.002458952,8.824753
9.904973,0.001897812,9.128029
9.938893,0.001926862,9.530914
9.967609,0.001155578,9.968399
9.99826,0.001701478,9.058174
10.0293,0.0007827915,10.65069
10.0566,0.0002798773,10.94334
10.08447,0.0002294965,11.67301
10.11321,0.0006243214,12.05355
10.13919,0.0006368086,11.94386
10.16458,0.0007871091,12.92542
10.19118,0.001256168,13.84181
10.21686,0.001776099,13.5452
10.27932,0.00231633,15.02869
10.30499,0.00231633,15.02869
10.33021,0.002550039,15.03975
10.35464,0.002789114,14.60531
10.38084,0.002896089,15.33421
10.40691,0.002065569,16.06256
10.43698,0.001902498,16.38743
10.46797,0.00250243,17.18282
10.49974,0.004286822,16.5701
10.52638,0.004411142,17.04807
10.55233,0.0048193,18.26758
10.58095,0.005385872,18.21075
10.60843,0.005577732,18.79778
10.63399,0.0053555,18.84914
10.66065,0.005422495,19.14399
10.69053,0.005422495,19.14399
10.71353,0.005405534,20.24849
10.73696,0.005384773,22.56349
10.76316,0.005651135,21.51595
10.78608,0.005794413,21.85511
10.81045,0.006542739,21.37809
10.83408,0.007278956,20.9131
10.85889,0.007795513,22.147
10.88445,0.008362241,22.40881
10.91437,0.008679371,23.08099
10.93979,0.009838954,21.85456
10.96741,0.01020747,22.52045
10.99378,0.01046579,21.749
11.02084,0.01056283,21.96846
11.05009,0.01056283,21.96846
11.07731,0.01068543,21.75193
11.10187,0.01148857,21.57629
11.13018,0.01316107,21.32211
11.1556,0.01339253,22.08085
11.18019,0.01423255,22.83839
11.20489,0.01393262,23.54156
11.23054,0.0134137,25.22573
11.25424,0.01240221,26.05115
11.27947,0.01115057,26.97468
11.30363,0.01100129,27.1612
11.33151,0.01112266,27.75872
11.35616,0.01060231,28.56541
11.38092,0.01060231,28.56541
11.40546,0.01060231,28.56541
11.4285,0.01028268,28.59053
11.45494,0.009946812,29.12119
11.4817,0.00902836,30.64053
11.50646,0.008005701,30.50508
11.537,0.005640261,32.34716
11.56324,0.005387302,32.58444
11.5867,0.005310789,32.92972
11.61164,0.005070448,33.97586
11.63646,0.005065121,34.0591
11.6616,0.005372286,33.75052
11.68495,0.005515605,33.49625
11.71139,0.005391963,34.0011
11.74948,0.005130168,34.26044
11.77603,0.005155239,34.63131
11.79942,0.005058967,34.74206
11.82393,0.005283318,34.19254
11.84873,0.00526863,33.77779
11.87534,0.005002223,34.91091
11.89889,0.004797399,35.17479
11.92416,0.004464168,34.78458
11.95134,0.005158737,34.83189
11.97761,0.006059781,36.14114
12.00331,0.006826267,35.8793
12.029,0.007496249,36.12266
12.05674,0.007611413,36.33133
12.08151,0.007488202,36.50659
12.11017,0.007967331,36.40802
12.13727,0.007967331,36.40802
12.16454,0.008374445,36.52387
12.19038,0.008093972,37.23868
12.21536,0.008090559,38.36761
12.24201,0.009693224,37.78112
12.26705,0.009715308,38.16827
12.2922,0.00956865,38.2919
12.31675,0.009357776,38.93323
12.34328,0.008856621,39.77238
12.37099,0.008333966,39.97502
12.3955,0.007249486,40.54129
12.42136,0.006375492,40.97501
12.44542,0.005052458,41.29691
12.469,0.00476861,41.22131
12.49435,0.004814327,41.19691
12.52201,0.004370473,40.9798
12.54577,0.004048705,41.28125
12.57949,0.002837654,41.20627
12.60422,0.002270095,41.26468
12.63087,0.0001737252,41.46259
12.65566,0.000111375,41.26425
12.67904,0.0002144948,41.12352
12.70339,0.0005055852,41.04335
12.72728,0.0005501471,41.12497
12.75478,0.0006406307,40.84314
12.78306,0.001850825,40.02452
12.8113,0.000711441,38.97951
12.83471,0.0007408895,38.79535
12.86039,0.001127597,38.69119
12.88327,0.001006953,38.26506
12.90946,0.0004139319,37.78623
12.93646,0.0006346032,36.70366
12.96417,0.0005495176,35.87
12.99225,0.0006320626,35.94368
13.01686,0.001063608,34.69549
13.04438,0.001883674,33.74382
13.07209,0.002627991,32.73576
13.09905,0.002366297,31.78313
13.12886,0.002402332,31.693
13.1541,0.002845448,30.67792
13.20516,0.003079157,28.79416
13.23236,0.003079157,28.79416
13.26024,0.003079157,28.79416
13.28529,0.003193907,28.43509
13.31116,0.003878988,28.34627
13.33575,0.004173167,28.19983
13.3628,0.004173167,28.19983
13.38985,0.005161401,26.38951
13.41465,0.006055567,27.47159
13.44446,0.00546553,26.24793
13.46934,0.005357873,26.59792
13.49411,0.005493686,26.47922
13.52015,0.005511019,27.2076
13.54514,0.005491145,27.88371
13.57166,0.005555607,27.79787
13.59808,0.005615279,27.73066
13.62438,0.00554448,27.46382
13.65066,0.005633123,27.54335
13.67556,0.005846757,29.16884
13.69878,0.007663544,28.08351
13.7244,0.007981375,29.87241
13.74946,0.008405332,31.53723
13.77444,0.00912375,32.23543
13.79799,0.009491347,31.33542
13.82329,0.009422582,31.65942
13.84796,0.009300329,32.2062
13.88054,0.00972528,34.90633
13.90448,0.009701628,35.60866
13.92753,0.009936824,36.10324
13.95265,0.009936824,36.10324
13.97729,0.01011506,36.40646
14.00138,0.01019998,35.70719
14.02586,0.01042566,35.98535
14.0488,0.01099264,36.33131
14.07888,0.01116578,36.8294
14.10439,0.01147372,35.06952
14.13091,0.01103855,36.06826
14.15858,0.01032646,36.21947
14.18286,0.009369303,37.87724
14.20887,0.008527368,38.93456
14.23302,0.007207252,40.1714
14.25927,0.00576831,41.5629
14.2863,0.005086254,41.3438
14.31097,0.004575919,41.60535
14.33762,0.004415296,41.2048
14.36254,0.004265606,40.90407
14.38924,0.003514916,42.20389
14.41237,0.002720457,41.83659
14.43769,0.001230571,42.73358
14.46209,0.0009249859,42.79225
14.49109,0.001476664,42.57045
14.51631,0.003633,41.70547
14.54133,0.002932515,41.46552
14.56726,0.003634017,41.87741
14.59688,0.003590651,40.61447
14.623,0.003666189,40.43881
14.64707,0.003666963,40.15819
14.67498,0.003614169,39.5083
14.70323,0.00353732,38.95399
14.72564,0.003333136,39.01216
14.7506,0.003207762,38.70177
14.77663,0.00304991,41.79457
14.80081,0.002318196,42.24287
14.8251,0.0006004423,39.34401
14.84877,0.003267366,33.5141
14.87657,0.003839966,33.23422
14.90447,0.004799876,33.38506
14.92743,0.005923085,31.95231
14.95241,0.006244943,31.30349
14.97793,0.006895859,31.71888
15.00358,0.008282982,32.47096
15.02892,0.00856889,33.51157
15.05458,0.008594953,34.07182
15.07857,0.008859955,34.44801
15.10955,0.009214923,34.14539
15.13538,0.009486981,34.54566
15.1613,0.01046637,34.73383
15.19,0.009845946,37.02647
15.21504,0.009920754,37.00398
15.24127,0.009062976,38.84328
15.26474,0.009177793,38.74547
15.28969,0.008850962,38.90448
15.31768,0.007873852,39.25285
15.34336,0.006542165,39.96036
15.36824,0.005422059,39.61514
15.39283,0.004921447,39.19933
15.41925,0.004695591,39.30466
15.44458,0.00463536,39.45934
15.47125,0.004003182,40.05502
15.49744,0.002379939,41.55339
15.5259,0.002456408,39.98283
15.54976,0.0007661469,44.27606
15.57631,0.001953926,45.19954
15.59994,0.002741095,45.58957
15.62524,0.003433786,46.13657
15.65117,0.003819227,46.42319
15.67509,0.004425507,47.23808
15.70229,0.005485844,48.77544
15.72959,0.00603893,49.52437
15.75567,0.005606074,49.22118
15.7787,0.005897995,49.62729
15.80334,0.006119892,50.02461
15.82906,0.006121818,50.31944
15.85244,0.005998183,50.85558
15.87644,0.006201427,50.63828
15.90007,0.006541703,51.41473
15.92609,0.006611854,51.59712
15.95365,0.01018943,45.55545
15.97737,0.009218518,57.08397
16.00363,0.01099194,44.60779
16.02961,0.01074725,44.14778
16.05553,0.009433512,60.37987
16.1096,0.009410325,60.24063
16.13495,0.0100109,42.94232
16.1646,0.009971296,42.85626
16.1901,0.009971296,42.85626
16.21635,0.01003062,42.92684
16.24319,0.01012186,42.56857
16.27515,0.009813402,41.74979
16.30805,0.009550589,41.54307
16.33381,0.009324937,41.00148
16.35807,0.00922697,40.81197
16.38552,0.009552568,40.85894
16.40917,0.009694383,40.69549
16.43739,0.009741503,40.40152
16.46147,0.00964395,40.45728
16.48516,0.009842232,40.79783
16.51085,0.00996859,40.44032
16.53865,0.00995889,40.34731
16.56423,0.009927896,40.30965
16.59384,0.009913934,40.29668
16.61757,0.009924962,40.28913
16.64064,0.01006767,40.37038
16.6689,0.009527213,40.13659
16.69421,0.009651106,40.07719
16.71817,0.009229837,40.19395
16.74453,0.009414141,39.93298
16.77226,0.009547807,39.89547
16.80185,0.009312279,40.24199
16.82654,0.009458278,40.25151
16.85104,0.009231455,40.51888
16.87521,0.009022138,40.67838
16.8994,0.009022138,40.67838
16.92382,0.008852696,40.74439
16.9487,0.008685489,40.77431
16.97514,0.008578779,40.68694
17.00225,0.008492938,40.66546
17.02893,0.008726939,40.45917
17.05619,0.008797366,40.69183
17.08025,0.008844347,40.88051
17.11012,0.008977517,40.64654
17.13604,0.009127224,40.53995
17.16257,0.009267936,40.67778
17.18975,0.009447593,40.65021
17.21717,0.009408638,40.59201
17.24247,0.009689441,40.45629
17.26828,0.009689441,40.45629
17.29138,0.009710032,40.46083
17.315,0.009885618,40.64888
17.34108,0.009529443,40.80854
17.36494,0.009314761,40.28615
17.38967,0.00952544,40.86269
17.41519,0.009644989,40.28839
17.44356,0.00968572,40.19679
17.46615,0.009600795,40.45325
17.49001,0.009673935,40.47135
17.5149,0.009661953,40.23217
17.54168,0.009612287,40.18835
17.56554,0.009778446,40.34436
17.59093,0.009971322,40.20503
17.61744,0.01006288,40.19746
17.64545,0.01006288,40.19746
17.67213,0.01011725,40.25121
17.69847,0.009957909,40.33364
17.72413,0.01007486,40.31803
17.74867,0.009968298,40.31587
17.77593,0.009766536,40.347
17.80017,0.008951603,40.40271
17.82322,0.008989492,40.36811
17.85117,0.008954368,40.37491
17.87641,0.009193933,40.29858
17.90176,0.009330723,40.11687
17.92805,0.009045188,40.11415
17.95522,0.008626957,40.11837
17.98095,0.008887231,39.98314
18.00751,0.008939879,39.90406
18.0334,0.008954125,39.88832
18.06277,0.008817334,39.74869
18.09164,0.008775502,39.8269
18.11712,0.008693366,39.9669
18.14247,0.00902973,40.20713
18.16788,0.008946295,39.97645
18.19147,0.004369523,60.90768
18.21759,0.003673892,60.6595
18.24528,0.003886245,60.17654
18.27415,0.003529463,59.51413
18.30122,0.002877388,57.9811
18.32657,0.002571609,57.61042
18.35065,0.002567317,57.12868
18.37463,0.002379958,56.68998
18.39847,0.002723392,56.86559
18.42261,0.00276887,55.81886
18.44975,0.009611662,40.0955
18.47729,0.002681974,54.98867
18.50251,0.00945812,40.16087
18.52591,0.001788624,54.14492
18.55347,0.001239054,52.24977
18.58072,0.001268625,51.12809
18.60878,0.0009376667,50.01479
18.63652,0.0009563938,50.04292
18.66057,0.00115807,48.17855
18.69408,0.0006355867,48.14823
18.72416,0.000466831,47.56638
18.75199,0.000348758,48.12506
18.78082,0.0004768856,48.78051
18.81168,0.000146538,47.12503
18.83718,0.0001036339,45.02575
18.86228,0.0005496927,46.1441
18.89237,0.0007073171,44.86274
18.9165,0.001047418,43.56963
18.94172,0.001425318,42.64642
18.96635,0.001648743,41.50481
18.99063,0.001685493,40.63755
19.01555,0.001707654,39.30542
19.06915,0.001712628,38.79928
19.09624,0.001653943,37.90264
19.12101,0.001712177,37.60579
19.14501,0.001554433,37.75343
19.17252,0.001541588,37.6671
19.19945,0.001419373,37.62386
19.2242,0.001510799,36.14991
19.24953,0.001378831,34.77519
19.27945,2.685934E-05,34.38481
19.30995,0.001009408,32.50663
19.33726,0.001266193,33.2919
19.36235,0.001969412,33.33138
19.38697,0.002746526,32.56294
19.41069,0.003417671,31.62429
19.438,0.003361672,31.2438
19.46344,0.003425125,31.35398
19.48879,0.003404457,30.58193
19.52048,0.003755867,29.33159
19.54597,0.003633615,27.09023
19.57167,0.003947012,25.40955
19.59757,0.00455394,24.61406
19.62176,0.004231475,24.33339
19.6453,0.004380789,23.64706
19.6704,0.004344113,22.27129
19.69399,0.00432314,21.31929
19.7211,0.004472841,20.28262
19.74464,0.004165456,20.39589
19.77076,0.003930356,19.19135
19.79572,0.003259622,17.49632
19.82148,0.002889194,16.55128
19.84729,0.00269318,16.27573
19.87518,0.002683207,16.11425
19.9043,0.001676563,15.20125
19.93377,0.0005686171,14.82293
19.95798,0.0006410033,13.34634
19.98149,0.001092728,12.06055
20.00602,0.001770977,11.74753
20.02919,0.001740947,11.84063
20.0551,0.001696333,11.548
20.08072,0.001381498,11.53957
20.11005,0.001786482,10.73158
20.13944,0.001692899,10.53387
20.16435,0.001794681,9.920944
20.18793,0.002067555,9.289146
20.21238,0.002067555,9.289146
20.23626,0.002200201,9.210381
20.26036,0.002492864,8.778618
20.28644,0.002689537,8.47448
20.314,0.003771298,6.304161
20.34615,0.00387032,5.452896
20.37528,0.004075713,5.080475
20.40214,0.004082482,5.335724
20.42738,0.004667144,4.736786
20.45555,0.004154906,4.071381
20.48207,0.004868444,3.430809
20.50811,0.004542798,3.089096
20.53374,0.004548568,2.814499
20.56088,0.004896808,2.258339
20.5878,0.004896808,2.258339
20.61163,0.005166873,2.063957
20.63555,0.00439712,2.171364
20.65967,0.004959174,1.440697
20.68621,0.005181365,1.513306
20.71109,0.005290303,1.847214
20.73789,0.005403254,0.5037842
20.76438,0.005659446,0.5094147
20.78807,0.005630188,0.8641815
20.81399,0.005073067,2.114998
20.84013,0.004326206,3.557289
20.86746,0.003347091,5.703705
20.89447,0.002917085,7.486626
20.92076,0.00231057,8.048409
20.94482,0.002704512,6.98658
20.97301,0.002776157,7.102966
20.99884,0.002871472,7.17775
21.0222,0.002853941,7.184998
21.04639,0.002991378,7.226669
21.07141,0.003007736,8.000885
21.09778,0.004175417,9.4478
21.12303,0.004036535,9.214081
21.1515,0.004064508,10.43362
21.18204,0.004353713,13.14613
21.20838,0.004237134,14.15891
21.23472,0.004941281,14.93745
21.26007,0.00520112,15.2256
21.2864,0.005553335,15.40921
21.31242,0.005367525,15.57161
21.33942,0.005405713,15.73123
21.36519,0.00524094,15.80635
21.39452,0.0044735,15.72995
21.42034,0.005265601,15.72535
21.44363,0.004676539,15.42325
21.46866,0.003466763,15.15301
21.49419,0.003565986,15.02711
21.5213,0.00363104,14.97811
21.54466,0.00257713,14.71156
21.57089,0.004328098,15.31947
21.60007,0.002810922,14.63433
21.62294,0.002438594,14.59267
21.64648,0.002840851,14.96767
21.67155,0.002840851,14.96767
21.69419,0.002840851,14.96767
21.71848,0.003271192,14.91707
21.74123,0.002908245,14.70786
21.76695,0.00269537,14.84883
21.79148,0.001968015,14.46968
21.82021,0.0006983504,12.83417
21.84661,0.0002506189,12.39558
21.87329,0.0006321706,11.80784
21.90141,0.001572184,10.07006
21.92679,0.002422798,9.865135
21.97954,0.003134742,9.678841
21.99897,0.003342584,9.259201
22.02046,0.003837965,8.377914
22.03596,0.004016452,8.33992
22.05159,0.003825944,7.994293
22.06807,0.003825944,7.994293
22.08692,0.003825944,7.994293
22.1038,0.00346864,7.507545
22.11815,0.004835971,7.239319
22.13395,0.005471103,6.615128
22.15333,0.006446224,4.895851
22.17099,0.007304061,4.457214
22.18839,0.00801133,4.088348
22.20699,0.008014236,4.315964
22.23085,0.008131228,4.936615
22.25092,0.008638747,4.542328
22.26931,0.008629099,4.511612
22.28969,0.008982923,4.300858
22.3142,0.009088438,4.51194
22.34786,0.009434357,5.13887
22.3814,0.008386128,5.203667
22.40948,0.00928333,4.189095
22.43819,0.009352684,4.142097
22.46859,0.009049304,4.469147
22.49215,0.009611629,4.667076
22.52005,0.01072812,4.154602
22.54839,0.01011002,3.244545
22.58008,0.008193508,2.422691
22.60664,0.00856499,2.343857
22.63407,0.008092731,3.449799
22.66566,0.007930905,2.901146
22.69052,0.007885631,3.046135
22.72058,0.007658895,5.112526
22.75006,0.007561497,6.092316
22.77649,0.007561058,6.131813
22.80661,0.006822694,6.506958
22.83347,0.006941933,5.902878
22.86623,0.007436279,7.153694
22.89357,0.007712875,5.984299
22.92353,0.007211983,6.611351
22.95114,0.006257351,6.876457
22.98106,0.007032547,6.506996
23.00757,0.007394101,4.991074
23.0349,0.005954694,6.039375
23.06799,0.005702939,6.535477
23.10006,0.00571109,5.576477
23.12955,0.005533159,6.870239
23.16172,0.005084421,7.091248
23.18918,0.004876383,7.212387
23.21699,0.00259652,7.411034
23.24331,0.004662741,5.55793
23.27601,0.002233367,8.038345
23.30316,0.002867788,8.005081
23.33073,0.00426393,8.188721
23.35858,0.004947994,8.427536
23.38457,0.005933251,8.132065
23.41273,0.006933533,7.712433
23.44526,0.006812125,7.963234
23.48474,0.005665176,6.372864
23.51258,0.007364918,6.418999
23.54093,0.006973699,6.362991
23.56888,0.007225428,6.143776
23.59832,0.007225428,6.143776
23.62301,0.007812943,6.184639
23.64982,0.008599993,6.31411
23.68431,0.008569382,5.687241
23.71597,0.01375489,6.057632
23.75632,0.0159146,4.16378
23.79185,0.01879038,4.211601
23.82482,0.0196312,4.300087
23.85349,0.02034501,4.538383
23.88548,0.02092568,4.815025
23.91123,0.02092568,4.815025
23.93872,0.02169526,5.072105
23.96716,0.02208439,4.585365
23.99546,0.02143442,4.273956
24.02666,0.02313377,7.967636
24.05271,0.02357934,10.82163
24.08196,0.02318629,11.54578
24.11486,0.02369907,10.40212
24.14054,0.02222613,10.00643
24.17083,0.02204594,11.93346
24.20141,0.02116641,11.75594
24.22767,0.02088697,11.48813
24.25596,0.02075582,11.24593
24.28352,0.02057679,11.44511
24.31378,0.02007354,11.49686
24.34058,0.01896297,13.67805
24.36834,0.01787902,13.89473
24.39544,0.01624566,16.06591
24.42478,0.01549514,15.86178
24.4536,0.01448017,16.28266
24.48597,0.01387545,16.18437
24.51836,0.01289014,16.16087
24.54683,0.01273108,17.95248
24.57454,0.01216926,18.2764
24.60159,0.01237563,18.48686
24.62764,0.01247589,17.96156
24.65366,0.01248735,18.26145
24.68198,0.01199925,17.32767
24.70648,0.01014302,18.02534
24.73659,0.01065135,17.68999
24.7647,0.01091683,17.03104
24.79003,0.01045244,17.06753
24.8168,0.009893093,17.20209
24.84376,0.008799657,17.17359
24.8696,0.008878201,17.32238
24.89668,0.008573338,17.56152
24.92097,0.008237105,17.63526
24.9504,0.009206139,18.44601
25.01008,0.009213749,19.62884
25.04021,0.008497369,22.27569
25.07176,0.008083206,22.69125
25.10045,0.008522332,26.09572
25.12671,0.008614104,28.41348
25.16157,0.008872587,28.2962
25.19089,0.009118855,29.41939
25.21889,0.008820433,28.96686
25.24386,0.00821165,29.24299
25.27189,0.008480445,30.20113
25.30166,0.008056536,31.24083
25.33124,0.006871145,31.06043
25.36252,0.006986629,31.00387
25.38763,0.007179968,31.30086
25.41437,0.006965589,32.00412
25.43875,0.006595723,32.8046
25.46522,0.007641863,33.46613
25.4925,0.008226454,33.80551
25.51779,0.00848506,33.8807
25.5444,0.007733304,32.43643
25.57644,0.007829849,30.51842
25.60312,0.007713843,30.22088
25.62847,0.007142171,30.57821
25.65429,0.006892871,30.27751
25.68172,0.00677694,30.79412
25.70625,0.006661937,31.02348
25.7314,0.006642126,31.43903
25.75509,0.006506618,31.5332
25.78413,0.006279137,32.40849
25.81073,0.005678173,33.95129
25.83709,0.003039543,36.73981
25.86453,0.002208576,37.24334
25.89042,0.001618523,37.96476
25.91641,0.0007488094,37.89124
25.94133,0.0002834313,38.18004
25.96836,0.0001174919,39.06915
25.99703,0.0004426911,39.1322
26.02447,0.0007615909,39.69885
26.05151,0.000831604,40.35152
26.07619,0.001044445,40.80089
26.10298,0.02520911,39.27557
26.12796,0.0009614006,41.40651
26.1522,0.0009614006,41.40651
26.1766,0.02510677,38.85406
26.20317,0.02533358,38.40818
26.22826,0.0256909,38.06646
26.25261,0.02501846,38.00766
26.28049,0.02497411,37.97979
26.30449,0.02496065,37.98304
26.32978,0.02495055,37.86653
26.35488,0.02486689,37.63158
26.38123,0.02499787,37.38792
26.40982,0.02490897,37.27959
26.43562,0.02500987,37.28302
26.46144,0.02511491,37.29694
26.48741,0.02515824,37.28897
26.51301,0.02517399,37.33195
26.53786,0.02568081,36.86208
26.56418,0.02594532,37.15488
26.59083,0.02634378,37.06886
26.62294,0.02659944,37.04377
26.64753,0.02655378,37.16448
26.67248,0.02662818,37.21298
26.69716,0.02662955,37.07368
26.72098,0.02652321,37.15204
26.74712,0.02637935,37.30225
26.77026,0.02636933,37.40591
26.79711,0.02643433,37.43097
26.82501,0.02645742,37.45507
26.84982,0.02646049,37.47677
26.87495,0.0265131,37.54905
26.90192,0.0263093,37.62266
26.92661,0.02594681,37.69157
26.95157,0.02544868,37.82185
26.9771,0.02549071,37.75322
27.00157,0.02544658,37.72825
27.03125,0.02521368,37.77759
27.05976,0.02515744,37.87549
27.08557,0.02516113,37.94995
27.11357,0.02476186,37.92159
27.13892,0.02456593,38.08383
27.16407,0.02424552,38.1785
27.18782,0.02423371,38.20214
27.21387,0.02415209,38.2599
27.24033,0.02414014,38.26433
27.26549,0.02386146,38.59734
27.28999,0.0234207,38.62241
27.31446,0.02329624,38.87072
27.33909,0.02315443,38.91232
27.36564,0.02316604,39.2056
27.38859,0.02305602,39.3358
27.4147,0.02310667,39.40185
27.44082,0.02304213,39.45955
27.46424,0.02268934,39.57383
27.48937,0.02229569,39.73498
27.51708,0.02195115,39.77721
27.54298,0.02197346,39.77853
27.56984,0.02197346,39.77853
27.60794,0.02182507,39.77868
27.63578,0.02156018,39.79162
27.66204,0.02057977,40.18326
27.68248,0.0204961,40.31447
27.70185,0.02024385,39.90271
27.71805,0.01882262,40.08173
27.73033,0.01835008,40.01928
27.7468,0.01801606,40.01769
27.76316,0.01801192,39.92942
27.77998,0.01766828,39.77747
27.79459,0.0174622,39.76991
27.81213,0.01732329,40.04031
27.82841,0.01685335,39.93346
27.89589,0.01648561,40.08653
27.92509,0.01651522,40.08926
27.94964,0.01627421,40.20766
27.97514,0.01631276,40.26592
28.00038,0.01637913,40.11609
28.02435,0.01630596,40.21775
28.04966,0.01627174,40.09048
28.07541,0.01628775,40.01926
28.10237,0.01660253,40.18575
28.13442,0.01618946,40.23632
28.16731,0.01617302,40.31327
28.19464,0.0164059,40.4655
28.22121,0.0160228,40.44762
28.24927,0.01617349,40.52063
28.27966,0.01625865,40.56537
28.30358,0.01630891,40.59356
28.33488,0.01641154,40.60829
28.36238,0.01628914,40.63615
28.3886,0.01619293,40.68388
28.41769,0.01509335,41.07859
28.4456,0.01485573,41.32281
28.47081,0.01473236,41.55045
28.4993,0.01493786,41.51147
28.52541,0.01366468,41.41182
28.55725,0.01209124,41.42571
28.58647,0.01213416,41.2432
28.61561,0.01227123,41.58747
28.64337,0.01229012,41.85678
28.67196,0.01237249,41.97018
28.70242,0.01222911,41.99474
28.73219,0.01217453,42.04121
28.76341,0.01223366,42.06243
28.78856,0.01199839,42.19566
28.81617,0.01202811,42.43686
28.8428,0.01242222,42.67279
28.86909,0.01222055,42.53518
28.898,0.012134,42.66901
28.92555,0.01184816,42.8802
28.95107,0.01144459,42.78882
28.98195,0.01106682,42.63231
29.00676,0.01091618,42.66966
29.03449,0.01091618,42.66966
29.06417,0.01073539,42.74302
29.0953,0.01053023,42.93153
29.12599,0.009918856,42.88968
29.1545,0.009625901,43.17593
29.19197,0.009782971,42.94501
29.22623,0.009547959,43.1418
29.2554,0.009869964,43.035
29.28326,0.0097657,43.21177
29.31226,0.009747246,43.45702
29.34365,0.009792288,43.55935
29.37407,0.009726466,43.5689
29.40847,0.009847556,43.55499
29.43919,0.009910388,43.57883
29.49649,0.01054892,43.49347
29.5476,0.01061373,43.5932
29.56992,0.01061359,43.6894
29.59408,0.0105688,43.76083
29.61319,0.01051195,43.75762
29.6297,0.01058439,43.88248
29.64245,0.01052322,43.82086
29.65848,0.01048361,43.79047
29.67686,0.01069995,43.80001
29.69468,0.01103863,43.85739
29.71281,0.01123864,44.26191
29.73144,0.01142671,44.10378
29.75093,0.01150991,44.05622
29.77169,0.01152056,44.08143
29.7912,0.01174436,44.06228
29.81032,0.01184598,44.08153
29.83362,0.01225231,44.42175
29.85782,0.01168364,44.65235
29.88234,0.01139626,44.65254
29.90242,0.01127049,44.6862
29.92239,0.01123715,44.773
29.94327,0.01144905,44.93278
29.96265,0.01149908,44.93372
29.98376,0.01155512,44.90748
30.00607,0.01160098,44.92687
30.02755,0.01170462,44.9851
30.05085,0.01175002,44.95955
30.07163,0.01181333,44.7819
30.09307,0.01157617,45.08897
30.11235,0.01157617,45.08897
30.13267,0.0115892,45.26774
30.15325,0.0115892,45.26774
30.17608,0.01145865,45.34161
30.19551,0.01178289,45.1465
30.21544,0.01223191,45.20621
30.23707,0.01215484,45.26704
30.261,0.01092527,45.46807
30.28124,0.01084198,45.46198
30.30201,0.01143502,45.40775
30.32323,0.01129781,45.6852
30.34352,0.01120999,45.66375
30.36581,0.01138607,45.48753
30.38769,0.01145673,45.42266
30.41029,0.01122377,45.6467
30.43076,0.01089905,45.91195
30.45068,0.01097886,46.0097
30.47387,0.01134598,45.89164
30.49389,0.01120929,45.7501
30.51388,0.01131285,45.79044
30.53355,0.0113639,45.73347
30.55358,0.01170964,46.12203
30.57499,0.0124005,46.29128
30.59548,0.01239906,46.46445
30.61485,0.01234319,46.50436
30.63493,0.01234319,46.50436
30.65459,0.01228003,46.52275
30.67698,0.01287668,46.56328
30.71043,0.0131686,46.76002
30.72825,0.01307721,46.8151
30.74738,0.01294651,46.88689
30.76677,0.01364976,47.08749
30.7866,0.01414314,47.03422
30.80702,0.01450211,47.46586
30.82799,0.01455551,47.81977
30.84952,0.01461081,47.85947
30.87368,0.01459235,47.70352
30.89539,0.01484495,47.69862
30.9151,0.01493599,47.76306
30.93601,0.01503528,47.74407
30.95711,0.01459292,47.70821
30.97707,0.01497295,48.18259
30.99749,0.01508644,48.20499
31.01834,0.01502027,48.2058
New Try
New Try
New Try
New Try
New Try
New Try
New Try
New Try
New Try
New Try
2.284304,0.008691659,25.96834
2.306926,0.009553245,26.04289
2.333076,0.009445491,25.94932
2.361381,0.009382862,25.92309
2.38656,0.009092965,26.05065
2.414785,0.008786825,26.10382
2.444375,0.009288196,26.12915
2.471871,0.009233481,26.09593
2.498189,0.009372074,26.12078
2.525346,0.009439871,26.13181
2.552347,0.009560226,26.15126
2.579378,0.009482698,26.22121
2.60717,0.009195142,26.3293
2.641953,0.008469357,26.60528
2.672529,0.007984627,26.6729
2.699856,0.008118282,26.81445
2.727111,0.008173323,26.88692
2.755271,0.007959979,26.95188
2.783228,0.008220914,27.00077
2.811295,0.008071837,27.08366
2.841548,0.007992252,27.09844
2.872177,0.008302977,27.12778
2.899599,0.008296621,27.13841
2.928148,0.008222507,27.14311
2.964281,0.008009993,27.31478
2.998542,0.007922193,27.51331
3.025853,0.007156993,27.60441
3.057002,0.006826065,27.68583
3.084249,0.006645928,27.82971
3.109626,0.006417017,27.92295
3.141732,0.005550173,28.0566
3.168559,0.005751245,27.96928
3.193435,0.005204314,28.09142
3.225525,0.004658942,28.17787
3.258101,0.004467933,28.22878
3.294204,0.004407797,28.33269
3.330835,0.004469383,28.59045
3.396044,0.004284788,28.63426
3.416669,0.004319038,28.62383
3.434183,0.004112504,28.76971
3.454908,0.003729888,28.92341
3.476935,0.003486143,28.94855
3.500502,0.003376919,28.95489
3.51976,0.002839559,29.0008
3.540955,0.002813218,28.9652
3.561678,0.002017056,29.30185
3.583093,0.001907357,29.35347
3.603489,0.001481988,29.41833
3.622839,0.001481988,29.41833
3.642508,0.001666205,29.40938
3.661086,0.001605514,29.48195
3.681235,0.001398516,29.67422
3.70016,0.0007283667,29.85053
3.718658,0.0005086058,29.96512
3.739842,0.0008107746,30.17196
3.763299,0.0008174842,30.27939
3.79193,0.001055406,30.46897
3.817271,0.001092313,30.56084
3.842515,0.001076202,30.71144
3.87202,0.0007646589,30.85403
3.901776,0.001501854,30.86096
3.935856,0.001870436,30.89482
3.962522,0.002174471,30.92907
3.986248,0.002174471,30.92907
4.010277,0.002324481,30.92272
4.038397,0.00226146,31.42895
4.068424,0.002293598,31.69824
4.09793,0.002467733,31.67758
4.131802,0.00251422,31.81846
4.162923,0.004052101,31.81523
4.188708,0.00454112,32.03758
4.21118,0.005867937,32.44362
4.233112,0.005815596,32.04503
4.253113,0.005587048,32.12648
4.275357,0.00563985,32.15697
4.301031,0.005766353,32.28131
4.32277,0.005660665,32.29929
4.34614,0.005589219,32.34467
4.369153,0.005578357,32.34542
4.389991,0.005168663,32.41233
4.415421,0.005445902,32.38429
4.435456,0.005220218,32.45037
4.456631,0.004614211,32.72298
4.478809,0.004764558,32.82811
4.498413,0.004679087,32.93499
4.516176,0.004073763,32.67304
4.534787,0.004572502,32.91262
4.553557,0.004632759,32.99791
4.574535,0.00462997,33.07764
4.594176,0.004410433,33.08707
4.617505,0.003867957,33.15531
4.637803,0.003709857,33.31518
4.659147,0.003400719,33.33015
4.682393,0.004245735,33.74029
4.701994,0.004244498,33.75218
4.72332,0.004244498,33.75218
4.744915,0.004200146,33.79056
4.767494,0.00413839,33.82129
4.786733,0.004242287,33.82154
4.807134,0.004249606,33.94051
4.8282,0.004239092,34.00988
4.848923,0.004491713,34.21423
4.868001,0.004892008,34.47922
4.887473,0.005138848,34.51144
4.907982,0.00556502,34.65875
4.93308,0.006007493,34.81517
4.953346,0.004905283,34.65612
4.975013,0.005087231,34.77427
5.000767,0.006020231,34.9319
5.023145,0.00664126,35.11887
5.046007,0.00603138,35.0778
5.068559,0.00603138,35.0778
5.090362,0.005902768,35.09201
5.113247,0.005951241,35.14447
5.13641,0.006296466,35.23062
5.160433,0.006862744,35.33018
5.182564,0.007705508,35.54309
5.20279,9.078905E-05,37.97835
5.220892,1.867115E-05,37.70286
5.240461,0.0003799424,38.13838
5.259101,0.008506531,35.84035
5.277755,0.0006559268,38.36137
5.29724,0.0003045239,37.40475
5.315961,0.0002918355,36.70487
5.335021,0.0001927018,36.72997
5.354538,0.0001757815,36.67822
5.373419,0.0004125498,35.92556
5.394393,0.0005915239,35.84431
5.418619,0.0005347989,36.30882
5.442272,0.0005903281,36.48652
5.464782,0.0007493421,36.08666
5.487577,0.001085173,36.83165
5.510939,0.001779336,37.97267
5.534297,0.002285141,36.13609
5.556956,0.003390789,34.4042
5.578669,0.003842106,36.76656
5.604578,0.003918161,36.84117
5.629413,0.003946158,36.96277
5.650182,0.00386258,37.069
5.66901,0.004215466,37.09063
5.690084,0.003873093,37.25251
5.712677,0.003771269,37.5717
5.735275,0.003788433,37.59668
5.756127,0.003780443,33.67181
5.777808,0.003950238,33.57609
5.798875,0.003950238,33.57609
5.817217,0.003761474,33.39162
5.838526,0.004026685,37.87883
5.861113,0.003686294,32.62246
5.883894,0.003689047,32.80417
5.90296,0.002541006,33.7584
5.926799,0.001218669,32.54227
5.967316,0.0008350052,33.09294
5.986955,0.001026351,31.84148
6.009243,0.00100296,31.24194
6.032027,0.0009761564,31.40502
6.053143,0.0008598454,31.15838
6.073599,0.0007114038,30.69574
6.092378,0.0006883293,30.51763
6.111591,0.0007016361,30.5151
6.130292,1.103058E-05,30.72987
6.149091,0.00063923,30.15198
6.167094,0.00063923,30.15198
6.186404,0.0007187389,29.82626
6.209233,0.000712622,29.60253
6.23173,0.001079582,29.1576
6.252864,0.003210202,28.00191
6.279827,0.004096258,27.93392
6.300229,0.004579708,26.49542
6.320641,0.004757609,26.18243
6.342593,0.004677862,25.2185
6.365513,0.005271021,24.45127
6.384495,0.006043971,23.94391
6.40488,0.006869387,22.94984
6.430109,0.007166199,22.34908
6.452324,0.00727528,21.85188
6.477552,0.007200938,20.70102
6.505761,0.007145938,19.50946
6.537998,0.006961707,19.57648
6.560988,0.006961707,19.57648
6.582294,0.007169809,18.92484
6.600518,0.007481188,14.9166
6.620931,0.006278116,13.47338
6.642148,0.004615389,13.80976
6.661703,0.004149891,14.02882
6.681019,0.004149891,14.02882
6.701003,0.004259564,14.10484
6.721211,0.004326493,15.16642
6.741662,0.004207809,14.50789
6.762565,0.004576784,13.60797
6.781345,0.003630672,14.45192
6.800682,0.003214903,15.4472
6.820535,0.003513344,16.04655
6.841099,0.004379537,16.88128
6.862986,0.004016265,17.76512
6.881037,0.004117697,18.05383
6.900849,0.003979135,18.12067
6.920208,0.003979135,18.12067
6.940025,0.003583726,17.97786
6.960272,0.003585681,18.17891
6.981547,0.003735676,18.31302
7.002666,0.004881918,22.12449
7.027573,0.004470389,22.36885
7.048881,0.00484762,22.67296
7.068311,0.005177636,22.5986
7.0885,0.00619632,23.22107
7.111662,0.007006545,24.31709
7.132206,0.007582698,24.68694
7.152253,0.008192863,25.32507
7.171581,0.008493342,25.47672
7.190863,0.00898749,25.58894
7.209847,0.00894497,25.50571
7.231223,0.009245083,25.74928
7.249697,0.009910431,25.46117
7.268578,0.009910431,25.46117
7.289736,0.008790672,25.02721
7.315106,0.008790672,25.02721
7.336149,0.00904309,25.08782
7.359632,0.008964006,24.76479
7.379517,0.008737158,24.93309
7.397416,0.008760039,24.2052
7.417801,0.008410133,23.13641
7.439379,0.009153407,24.86381
7.460056,0.01037334,25.16758
7.482442,0.009706192,25.54447
7.504386,0.009469569,25.22897
7.528903,0.009477522,24.52663
7.549815,0.009006128,23.9521
7.57142,0.008459557,24.57751
7.593678,0.008567005,24.28566
7.615579,0.008385964,24.02097
7.634939,0.008315541,24.13615
7.656493,0.008187983,24.39278
7.680961,0.008143995,24.19188
7.702625,0.008428775,25.27491
7.724489,0.008330572,25.02159
7.747441,0.008503247,24.86354
7.7678,0.008575108,23.36773
7.789564,0.00773954,21.79728
7.811791,0.007431492,19.80695
7.831616,0.00685196,18.90989
7.851303,0.006969906,18.76418
7.870508,0.006886158,18.15714
7.889943,0.006695807,17.70247
7.90858,0.006604102,17.57456
7.928787,0.007308144,17.54105
7.94822,0.007308144,17.54105
7.967319,0.007414177,17.30665
7.990156,0.007270362,16.78833
8.012971,0.007545475,16.44191
8.032782,0.007545475,16.44191
8.055844,0.007549029,16.36855
8.081115,0.007762071,13.99487
8.102672,0.007210307,10.43188
8.125558,0.008584067,8.579147
8.14921,0.008845743,6.99868
8.172321,0.007307135,4.920204
8.193668,0.008022252,5.25811
8.216978,0.008791097,4.447952
8.239686,0.008776005,3.237755
8.262238,0.009540744,3.527054
8.281492,0.01001459,3.419533
8.301893,0.01052802,3.424591
8.324102,0.01059407,2.980568
8.347176,0.01082512,1.995087
8.367113,0.01099597,1.403061
8.391029,0.01099597,1.403061
8.413007,0.01126599,0.6672516
8.434493,0.01125466,0.07728577
8.457372,0.01221165,2.675392
8.496143,0.01235255,2.091499
8.515122,0.01241108,3.523155
8.537573,0.01264464,4.619667
8.562656,0.0123895,5.331726
8.58336,0.01296881,5.945633
8.605145,0.01296881,5.945633
8.627629,0.01298077,6.073769
8.64797,0.01318882,6.888893
8.66854,0.01359505,8.087341
8.691219,0.01262035,7.585648
8.712565,0.0122864,7.557442
8.731991,0.01245929,6.99369
8.751949,0.01235229,7.748734
8.772415,0.01235229,7.748734
8.795036,0.01296644,7.772003
8.817298,0.01385691,6.481834
8.842329,0.01622085,5.603256
8.864741,0.01847837,5.62619
8.884014,0.01571526,6.831703
8.904932,0.0154936,7.518242
8.926785,0.01528567,8.123055
8.947786,0.01478945,8.774689
8.969563,0.01379455,9.027794
8.997202,0.01368577,9.377151
9.024256,0.01431964,10.05386
9.0539,0.01465325,10.35326
9.075878,0.01476187,10.83366
9.101893,0.01429288,10.80531
9.125646,0.01429288,10.80531
9.148505,0.01400599,11.04301
9.17091,0.01398418,11.85423
9.19686,0.0138995,13.05368
9.219477,0.01330738,15.30231
9.24653,0.01328666,15.62083
9.272131,0.01310902,16.97512
9.295314,0.01216131,17.02972
9.319019,0.01160092,17.6692
9.347464,0.01124927,19.51949
9.374193,0.01149052,20.6945
9.399035,0.01156781,22.28414
9.424055,0.01142402,24.8868
9.454157,0.01010424,27.0985
9.482113,0.0108432,24.469
9.507173,0.0108432,24.469
9.531597,0.01080828,25.06377
9.556611,0.01020731,25.30621
9.585329,0.008705463,26.6205
9.611193,0.008811984,27.75704
9.643145,0.008561101,29.42975
9.675945,0.008209836,29.79364
9.70175,0.008658335,29.91132
9.727911,0.008969415,29.15133
9.751746,0.009641808,28.05535
9.777157,0.009838983,27.66008
9.800088,0.01004115,27.52812
9.824622,0.009896781,27.00948
9.84902,0.01063712,26.61166
9.874833,0.01049644,26.6531
9.897612,0.01071229,26.25652
9.921766,0.01108136,26.13308
9.946076,0.01118951,25.86742
9.969382,0.0124791,25.7279
9.996597,0.01293623,26.19761
10.02158,0.01481979,25.49551
10.04822,0.01489606,24.7053
10.07357,0.01541351,24.87833
10.10242,0.01568152,25.91013
10.13101,0.01640665,25.74088
10.1581,0.01685625,26.13763
10.18735,0.01729374,26.19978
10.21361,0.01729374,26.19978
10.23979,0.01727466,26.13218
10.26587,0.01696618,26.43881
10.29541,0.01704774,27.66446
10.32624,0.01605154,31.3878
10.35578,0.0146278,31.72039
10.38278,0.01245093,33.28314
10.41196,0.01186261,33.16138
10.43862,0.01087337,33.25679
10.46928,0.008949634,33.81413
10.49931,0.008250348,34.13993
10.53051,0.008363605,33.66372
10.55768,0.007557899,33.69372
10.58899,0.007610269,33.32168
10.61644,0.007494055,33.48362
10.64873,0.006638382,34.55386
10.67994,0.005312804,35.62321
10.71124,0.005256925,36.18141
10.74342,0.006279405,35.26246
10.76876,0.006410144,35.53914
10.7953,0.006364878,35.05123
10.82193,0.00541167,34.37616
10.84894,0.006065998,33.66123
10.88102,0.007287435,33.88543
10.90954,0.00824783,33.57293
10.93649,0.00798713,33.60741
10.96533,0.008399118,33.20492
10.9922,0.008621097,32.23789
11.01791,0.008065987,31.54005
11.0466,0.007040076,30.11691
11.07395,0.007939644,29.76805
11.10138,0.00846754,29.27882
11.12876,0.009094778,28.23415
11.15385,0.009181052,27.90601
11.18444,0.009160683,27.39043
11.21311,0.008543011,29.91341
11.24513,0.008163027,30.43618
11.27409,0.007403027,30.30627
11.30115,0.006701369,30.64803
11.33154,0.006539058,31.01498
11.36522,0.006357733,30.84422
11.42873,0.006371535,31.43538
11.45473,0.00610055,31.21194
11.4811,0.00550722,31.08749
11.50989,0.00534055,30.53786
11.53765,0.004221078,31.65778
11.56389,0.00460865,32.0829
11.5911,0.004799131,32.19471
11.61924,0.00416914,32.5122
11.64728,0.003427632,32.47723
11.67474,0.003363881,32.58787
11.70355,0.003291372,32.82724
11.73327,0.003183626,32.95286
11.76412,0.003335848,32.20394
11.79301,0.003526196,31.84939
11.82067,0.003609657,31.97849
11.84786,0.004491676,33.25819
11.87652,0.004223365,33.3296
11.90073,0.004362844,34.6961
11.92838,0.005143207,35.10206
11.95578,0.006070793,35.62804
11.98341,0.007105276,35.69914
12.0107,0.00755683,35.52248
12.03942,0.007603239,35.76365
12.06581,0.007789001,35.67652
12.09546,0.007890496,35.72565
12.12454,0.008186597,35.76405
12.15488,0.007223509,37.85863
12.18262,0.00627882,37.45821
12.21639,0.004834469,38.40096
12.251,0.003829572,37.87711
12.28269,0.002821423,37.76216
12.30943,0.001440927,37.40331
12.33485,0.001814179,37.00359
12.36286,0.001367435,36.44735
12.38891,0.0006819032,37.132
12.41316,0.0004630424,37.21526
12.43739,0.0001890138,37.08199
12.46498,0.0002978966,37.20802
12.4887,0.0002978966,37.20802
12.51217,0.0003010966,37.50484
12.53648,0.0003586262,36.20242
12.56203,0.0006069466,34.61276
12.58689,0.0001288429,37.03687
12.61205,0.000747554,37.1719
12.63739,0.001733504,37.6395
12.66554,0.001870357,39.2321
12.68985,0.002460748,38.73793
12.71511,0.002213556,40.15636
12.74402,0.002352335,39.62602
12.77048,0.002601411,40.27614
12.79929,0.002601411,40.27614
12.82452,0.00252264,40.78195
12.84867,0.002193067,42.08849
12.87857,0.002511431,42.64745
12.90871,0.00268206,42.25789
12.93315,0.001977362,43.95448
12.9596,0.001240775,46.06761
12.98531,0.0009132139,47.58514
13.00935,0.0009573884,47.77357
13.03441,0.0004357956,48.26067
13.05951,0.001145393,46.6315
13.0879,0.001145393,46.6315
13.11195,0.0008170269,46.58958
13.13725,0.0004316494,46.68924
13.16139,0.0003047958,47.37253
13.18707,0.0003047958,47.37253
13.21267,0.0001673214,47.10167
13.24055,0.0001715831,48.43156
13.26772,7.597357E-05,49.34802
13.29741,0.0006585531,48.06793
13.32211,0.0005872473,47.46252
13.35008,0.0006320961,47.64967
13.37889,0.0005875006,47.82101
13.40388,0.0002207048,48.13918
13.42846,3.833324E-06,47.9838
13.45259,0.0008454099,48.06734
13.47803,0.001333341,48.19646
13.50765,0.001521822,48.24887
13.53171,0.001651287,48.30376
13.55597,0.001651287,48.30376
13.58148,0.00182179,48.53587
13.60559,0.001936942,49.22046
13.63129,0.001361918,49.39786
13.65974,7.855892E-05,48.44252
13.68617,0.0006668605,47.80585
13.71455,0.0005596206,48.4196
13.74198,0.001091942,48.35066
13.77009,0.00208281,48.74994
13.79641,0.003667761,48.43703
13.82173,0.004664216,48.23143
13.8488,0.005735744,47.65112
13.87505,0.005653918,47.76801
13.89969,0.006028283,47.96991
13.929,0.006389108,47.86922
13.95351,0.007199969,48.06454
13.97821,0.008100767,46.4975
14.00731,0.009038668,47.49466
14.03276,0.008510355,49.28484
14.05817,0.008199446,49.11433
14.08218,0.007947765,49.04674
14.10598,0.007505052,48.96959
14.1327,0.006925043,48.55875
14.15868,0.007099628,47.12962
14.18265,0.006838664,47.52757
14.20857,0.006072629,48.95195
14.23323,0.005652934,49.31215
14.258,0.005652934,49.31215
14.28451,0.004965257,49.1673
14.31009,0.004411843,49.40799
14.34018,0.002555586,50.29723
14.36705,0.000275746,51.31712
14.41864,0.001102455,52.08398
14.44442,0.001878425,52.6012
14.46829,0.002633013,52.64586
14.49423,0.002871394,52.61955
14.52121,0.00384647,53.64761
14.55177,0.004199252,54.14069
14.57892,0.00414731,53.34544
14.60905,0.004361082,53.75697
14.63574,0.004361082,53.75697
14.66278,0.004915334,53.94833
14.68932,0.006225239,56.44742
14.71583,0.006401073,55.30438
14.7415,0.008444548,56.63737
14.77035,0.011267,56.07025
14.79701,0.0111759,55.71177
14.82325,0.01166751,55.04553
14.84739,0.01349346,53.90247
14.87579,0.01312386,53.36111
14.90049,0.01227298,53.00064
14.92627,0.01247315,52.95749
14.95041,0.01215439,52.73922
14.97873,0.0120574,52.54572
15.00369,0.01193811,52.3807
15.02765,0.01193811,52.3807
15.05233,0.01174957,52.29258
15.07547,0.01183732,52.23761
15.09925,0.01155367,51.93495
15.12475,0.01150535,51.35524
15.14798,0.01199386,50.52651
15.17373,0.0102815,48.64851
15.2027,0.009982342,48.04725
15.22937,0.009592627,47.94053
15.25343,0.008476647,47.88001
15.27781,0.00819195,47.62732
15.30322,0.007970807,47.22665
15.33129,0.00757325,46.7865
15.36102,0.00743176,46.67463
15.39087,0.007223453,46.63276
15.41646,0.006664161,46.56333
15.44282,0.006511748,46.49442
15.46595,0.005318873,46.50354
15.49054,0.004925257,46.58192
15.51402,0.004829647,46.57452
15.53977,0.004540911,46.58715
15.56315,0.00450766,46.55357
15.58743,0.00449899,46.37626
15.61375,0.004719482,46.19072
15.6429,0.00476825,46.20405
15.66679,0.004814083,46.2023
15.69129,0.004970931,46.24245
15.71442,0.004794468,46.1439
15.74017,0.004756752,46.05334
15.76596,0.004758217,45.90908
15.78991,0.005027924,46.01818
15.81406,0.005134698,45.9846
15.84865,0.005037506,45.82414
15.87645,0.005091238,45.75366
15.90302,0.005060532,45.59977
15.92696,0.005432385,45.29418
15.95159,0.006077815,45.11224
15.97644,0.00574942,45.24171
15.99992,0.005785345,45.01916
16.02496,0.00611196,44.88392
16.05119,0.006467056,44.90174
16.07804,0.006700647,44.88184
16.10288,0.006884976,44.87501
16.12913,0.006857234,44.869
16.15766,0.007651903,44.65205
16.18412,0.008302167,44.29923
16.21098,0.009293475,43.7367
16.23565,0.009392425,43.72075
16.26236,0.00969768,43.74042
16.28605,0.009935931,43.80565
16.31059,0.01026794,43.86892
16.33733,0.01077911,43.37163
16.36647,0.01119443,43.27123
16.39365,0.01137449,42.90151
16.41939,0.01102135,42.90626
16.44462,0.01073798,42.93282
16.4741,0.01069469,42.95201
16.49741,0.01041198,42.93636
16.52243,0.01043419,42.84283
16.54623,0.01001964,42.70569
16.57018,0.009097898,42.41912
16.59463,0.00839714,42.41499
16.62301,0.008251877,41.81838
16.65056,0.008431934,42.04584
16.67753,0.008374217,42.04948
16.7035,0.008169073,41.91985
16.72856,0.008143534,41.92199
16.75373,0.008321858,42.03666
16.77706,0.008439973,41.9943
16.80305,0.008473408,42.07309
16.82762,0.008347156,42.11853
16.85438,0.008325473,42.13112
16.88214,0.008301972,42.19349
16.90776,0.00839716,42.29276
16.93282,0.00839716,42.29276
16.96188,0.008486415,42.33842
16.98858,0.008222604,42.42999
17.0154,0.0086146,42.54649
17.04294,0.008613489,42.88548
17.06872,0.003174745,67.43076
17.09626,0.008947246,42.89357
17.11997,0.002775948,66.08049
17.14615,0.00912314,43.1246
17.17213,0.001309339,64.03209
17.19691,0.001208734,63.78426
17.22243,0.009274532,43.12255
17.24752,0.0008544289,63.28698
17.27392,3.067404E-05,61.97775
17.33021,0.001436837,58.84427
17.35531,0.001968022,57.15623
17.38679,0.002412692,55.45731
17.41323,0.002981879,53.85748
17.44227,0.003546134,52.11446
17.47095,0.00367,51.40834
17.49591,0.003990415,49.9822
17.52572,0.004520118,49.34893
17.55004,0.004678793,49.12477
17.57429,0.004760221,48.85921
17.60037,0.004854117,48.78867
17.6264,0.005038563,48.27401
17.65458,0.005394414,47.81456
17.68177,0.005491436,44.96906
17.71063,0.006164018,41.97287
17.73934,0.006690059,40.24997
17.76632,0.006878506,39.56039
17.79034,0.006867923,37.67717
17.81604,0.006693535,36.99479
17.8414,0.006118033,34.32635
17.86918,0.005350415,31.6772
17.89537,0.005336214,30.01712
17.92261,0.005413067,30.62445
17.94984,0.005327743,29.91125
17.97623,0.005129393,29.07886
18.00086,0.005064446,29.0058
18.02633,0.004577097,27.01258
18.05232,0.004028711,25.39752
18.07709,0.003638446,23.94835
18.10188,0.003197208,22.45301
18.12832,0.002727114,21.34474
18.15723,0.002041124,20.07204
18.18197,0.001677249,19.47609
18.20641,0.001611218,19.36514
18.23312,0.001223754,18.28234
18.25665,0.001046624,17.71749
18.28449,0.0006559342,16.59679
18.30972,0.0007342137,16.83797
18.33638,0.0005410686,16.33224
18.36609,0.0006502159,15.73125
18.391,0.0004690588,14.13331
18.41709,0.0008866712,12.86474
18.44351,0.001236089,12.80152
18.47125,0.001263592,12.1263
18.4954,0.001312084,12.41169
18.52155,0.001886975,11.58892
18.54663,0.001683678,11.84101
18.57523,0.001722869,11.25768
18.60117,0.00211744,10.63157
18.62474,0.002922446,9.350235
18.64983,0.002857931,9.293533
18.67332,0.002793018,9.16832
18.69567,0.002763398,9.387222
18.72325,0.002503823,9.199211
18.74846,0.002804659,8.407341
18.77614,0.003941931,7.367294
18.80086,0.004167691,7.158974
18.82504,0.004137781,7.230415
18.84858,0.004355107,7.008713
18.87337,0.004833426,6.530388
18.8999,0.004824057,6.485481
18.9282,0.005040824,6.162842
18.95445,0.004946575,5.511993
18.98138,0.005638301,4.325058
19.00947,0.006277431,3.612343
19.03544,0.006376948,3.372032
19.05982,0.006376948,3.372032
19.08575,0.007129751,2.45694
19.11079,0.00732315,2.123985
19.13588,0.007229649,1.589439
19.16006,0.007420186,1.68795
19.18851,0.006995611,1.961685
19.21241,0.006777458,1.851845
19.23906,0.006428901,1.898178
19.26421,0.006034266,1.607597
19.2886,0.005836155,1.645973
19.31299,0.005372349,1.05172
19.33904,0.005179588,0.5804443
19.37003,0.005216308,0.3697891
19.40093,0.005293798,0.1384811
19.42616,0.005512703,0.09281921
19.45182,0.005512889,0.3735046
19.47995,0.005407814,0.4435883
19.50785,0.00536523,0.4259949
19.53852,0.004634384,1.018509
19.56621,0.005301446,1.871712
19.59039,0.0047969,2.390457
19.6192,0.005254392,2.900887
19.64356,0.006141685,3.292976
19.66751,0.006001256,3.597252
19.69023,0.006018877,3.850281
19.71522,0.006864276,4.087357
19.74111,0.007024094,4.101295
19.76453,0.006819159,3.925949
19.78911,0.007124633,4.198616
19.81427,0.007135272,4.284782
19.84442,0.007170245,4.786224
19.87126,0.007950924,5.262207
19.89624,0.007597812,5.498383
19.92004,0.007971697,6.586311
19.94385,0.007482033,5.778236
19.96938,0.007303059,6.737068
19.99331,0.006280374,7.068726
20.02146,0.005614083,8.664375
20.05075,0.006755162,9.331352
20.07703,0.006835125,9.805138
20.1035,0.006206334,9.894516
20.12711,0.006206334,9.894516
20.15225,0.006206334,9.894516
20.17868,0.005883578,10.29201
20.20652,0.00590878,10.4773
20.23158,0.005619235,10.05837
20.28586,0.006197367,8.767464
20.31162,0.004401967,6.632759
20.3345,0.004691452,6.795952
20.3605,0.004309557,7.014618
20.38379,0.0048999,6.74987
20.40599,0.00531479,6.823906
20.42939,0.005832784,7.075333
20.45396,0.006110914,7.074608
20.48006,0.005295791,6.506325
20.50496,0.005240988,6.56205
20.53023,0.005240988,6.56205
20.55436,0.005109467,6.46566
20.57638,0.004160203,6.434891
20.60282,0.004005376,6.489258
20.62671,0.003595781,5.492439
20.65179,0.003405448,5.375366
20.67427,0.003408656,5.210564
20.70128,0.003460985,5.081444
20.72379,0.00299694,4.740845
20.74692,0.00262646,4.545082
20.77455,0.002772246,4.405746
20.80503,0.001959458,4.217628
20.83267,0.001583163,4.354279
20.85922,0.001553625,4.448799
20.88383,0.001415066,4.218788
20.91219,0.001472794,4.224594
20.93885,0.001033012,3.741882
20.96327,0.0006462112,4.67411
20.98973,0.0003427304,4.644936
21.0199,0.001144536,4.735588
21.04774,0.00235441,5.558678
21.07274,0.002038009,5.506233
21.10043,0.002432987,6.127777
21.13205,0.001659647,6.649162
21.15738,0.001318477,7.187248
21.18452,0.001981169,7.822578
21.2094,0.002119791,7.67926
21.23563,0.002119791,7.67926
21.25877,0.002490796,7.338875
21.28274,0.002452333,7.339073
21.30806,0.002650492,9.410347
21.33788,0.001958679,8.928345
21.36257,0.002016954,9.782028
21.38791,0.001198273,9.345009
21.41325,0.001271654,9.291191
21.43797,0.0009058937,7.844948
21.4617,0.0005246997,6.641212
21.48683,0.0002113618,5.193344
21.51146,0.000182122,5.143166
21.54027,0.0004007742,4.456093
21.56791,0.0005292445,4.757172
21.59222,0.0006394796,4.66909
21.62062,0.0002545677,4.17318
21.64617,0.000268247,3.849915
21.67011,0.002139736,2.371796
21.69352,0.00271216,2.191071
21.71898,0.004266817,0.6758347
21.74798,0.004778091,2.298378
21.77792,0.005677242,2.623627
21.80809,0.00615719,3.534851
21.83619,0.006955147,4.11364
21.86168,0.007616192,3.553459
21.88625,0.008801091,2.722748
21.91001,0.01031147,3.175934
21.93485,0.01085451,3.17907
21.96098,0.01122488,1.655579
21.98652,0.01122488,1.655579
22.00966,0.01101459,0.661232
22.03499,0.01083341,0.2495041
22.05812,0.01083341,0.2495041
22.08409,0.01144734,1.165657
22.10865,0.01414529,6.709274
22.13903,0.01301245,12.41052
22.16513,0.01351121,11.51959
22.1892,0.01334007,11.90149
22.21354,0.01324926,12.2655
22.23922,0.01343909,13.2923
22.26542,0.01333193,13.89518
22.28975,0.01322848,14.40655
22.31461,0.013511,15.0749
22.33924,0.0134416,14.88303
22.36811,0.01351761,15.34181
22.39388,0.01393373,15.71387
22.4179,0.01313215,15.80278
22.44267,0.01303202,17.48109
22.46713,0.01244823,18.38638
22.49095,0.011466,18.89902
22.51701,0.01091972,18.59969
22.54216,0.01004992,17.5584
22.57158,0.01004218,18.32327
22.59997,0.01012839,18.88911
22.63087,0.01014383,19.13943
22.658,0.01009803,19.16386
22.68514,0.01015815,19.31409
22.70967,0.01015815,19.31409
22.73515,0.01010215,19.61501
22.75947,0.01013752,19.7912
22.7872,0.01018255,19.7655
22.8108,0.0115093,19.80319
22.83704,0.01110129,20.61587
22.86273,0.01109039,18.28783
22.88619,0.01106365,17.67499
22.91186,0.01180455,17.26588
22.93622,0.01280513,16.89662
22.96008,0.01362038,16.44805
22.98789,0.01421461,16.92673
23.01336,0.01392963,16.00944
23.03746,0.01483543,16.75743
23.06223,0.01461738,16.77905
23.08754,0.0146414,16.91483
23.11643,0.01497076,18.10645
23.17381,0.01460616,18.63161
23.20077,0.01239251,22.31441
23.22669,0.01187265,21.64223
23.25371,0.01104369,21.45693
23.27807,0.01044618,21.73848
23.30221,0.009977985,22.15792
23.32603,0.01032531,22.84468
23.35287,0.008595884,21.9051
23.37911,0.008257113,22.4182
23.41108,0.006808817,23.52302
23.43814,0.006307613,23.19317
23.4661,0.005484,23.29462
23.49185,0.005034465,22.9883
23.51694,0.0051862,24.37254
23.54275,0.004375227,26.59418
23.56861,0.003410354,29.18373
23.59193,0.003008991,30.89889
23.62166,0.00220355,32.21983
23.64904,0.001417756,34.30662
23.67457,0.001451448,36.43493
23.70198,0.01811611,36.33299
23.72692,0.0003402419,40.52556
23.75187,0.0003975779,42.24341
23.77678,0.01845181,35.6473
23.80232,0.01849327,35.47309
23.83085,0.01849793,35.48423
23.85876,0.01840154,35.314
23.88573,0.01834786,34.95766
23.9095,0.01805077,34.83156
23.93462,0.01850842,34.43026
23.95798,0.01871011,34.36129
23.98282,0.01868927,34.33604
24.00732,0.01880682,34.30316
24.03576,0.01867271,34.48292
24.05864,0.018802,34.37715
24.08376,0.01944891,33.90618
24.10658,0.01977667,33.9306
24.13182,0.02000198,33.96753
24.1586,0.02030708,33.86657
24.18382,0.02034236,33.8638
24.21191,0.02041561,33.81142
24.24452,0.02046633,33.86367
24.26972,0.02028321,34.07826
24.29756,0.02049495,33.95184
24.32255,0.02014706,34.06536
24.35056,0.01972652,34.1037
24.37724,0.01954865,34.18254
24.40351,0.01932817,34.24702
24.42864,0.01916097,34.12031
24.45647,0.01889268,34.09786
24.48448,0.01872119,34.24755
24.50846,0.01857561,34.19823
24.5368,0.01863999,34.1417
24.56397,0.01865455,34.14568
24.59242,0.01869831,34.11708
24.61958,0.01876043,34.14766
24.64749,0.01865376,34.36857
24.67733,0.01925411,34.36837
24.70705,0.01888214,34.5663
24.73294,0.01890002,34.46068
24.75561,0.01923043,34.84615
24.77939,0.01946391,34.88653
24.80419,0.01957048,34.83206
24.82925,0.01979562,34.83496
24.85706,0.01959668,34.98927
24.88667,0.01994482,35.02061
24.91088,0.01988172,34.98223
24.93529,0.01988172,34.98223
24.95898,0.02011929,35.01182
24.98357,0.01939321,34.98603
25.01246,0.01918088,35.03778
25.03827,0.01915369,35.21944
25.06475,0.01923088,35.41578
25.09406,0.01937493,35.56675
25.11791,0.01879783,35.75386
25.14356,0.01903422,35.85557
25.16987,0.01935377,35.86949
25.19437,0.01904836,36.09185
25.22147,0.01904416,36.25266
25.2476,0.01913079,36.31218
25.27073,0.01908302,36.27972
25.29811,0.01911874,36.31369
25.32336,0.01927786,36.36053
25.34921,0.01946308,36.46239
25.37419,0.01921198,37.0395
25.4007,0.01924792,37.21096
25.4246,0.01887933,37.29934
25.44947,0.01929882,37.40034
25.47377,0.01831744,37.49083
25.49993,0.0182592,37.63496
25.52512,0.01860614,37.65329
25.54902,0.01842456,37.97394
25.57218,0.01837153,38.18991
25.59642,0.01857117,38.18939
25.6203,0.01843155,38.49437
25.64824,0.01850683,38.52719
25.67427,0.01859403,38.56835
25.70532,0.01810115,38.64558
25.73372,0.01810022,38.80168
25.76206,0.01820501,39.22511
25.78562,0.01799131,39.36562
25.80958,0.01808252,39.46313
25.83712,0.01783106,39.63051
25.86565,0.017925,39.77284
25.89075,0.01801174,39.80177
25.91717,0.01819721,39.94503
25.94123,0.01808117,40.10193
25.96821,0.01766768,40.62514
25.99331,0.0178862,40.70823
26.01859,0.01788037,40.77985
26.04356,0.01805362,41.06201
26.097,0.01817392,41.26724
