New Try
1.007038,0.01802636,0.1391394,0.08340824,0.5470548
1.030799,0.01785583,0.1372163,0.08334025,0.5472117
1.065571,0.01721401,0.1348286,0.08341184,0.5479813
1.08455,0.01668277,0.1330781,0.08340725,0.5485905
1.109966,0.01612824,0.1312692,0.08331967,0.5491832
1.132525,0.01522273,0.1283927,0.08307046,0.5500927
1.157177,0.01456035,0.1265615,0.08283874,0.5507298
1.189553,0.01360714,0.1239946,0.08244621,0.5516111
1.209853,0.01311266,0.1224544,0.08223339,0.5520629
1.234012,0.01227582,0.1202814,0.08201378,0.5529252
1.264923,0.01125238,0.1180423,0.081897,0.5541092
1.286609,0.01062029,0.116595,0.08181208,0.5548522
1.311249,0.01004589,0.1152132,0.08169772,0.5555127
1.335846,0.00923332,0.1131977,0.08149555,0.5564378
1.359541,0.008697812,0.1131309,0.08136294,0.55707
1.393677,0.008041527,0.1084794,0.08096189,0.5576035
1.418185,0.007455925,0.1073992,0.08080717,0.5583237
1.452103,0.007159278,0.1059592,0.08044004,0.5583459
1.474895,0.007093091,0.1046412,0.08011869,0.5580897
1.499405,0.007073518,0.1037555,0.07994179,0.5579391
1.522961,0.006938179,0.1023508,0.07974871,0.5579416
1.549718,0.006876206,0.1014831,0.07970095,0.5579817
1.572079,0.006871996,0.1007336,0.07967561,0.5579638
1.603788,0.006934079,0.09963779,0.07972037,0.5579207
1.624121,0.006996172,0.09893849,0.07981338,0.5579228
1.64448,0.00707654,0.0983316,0.07991271,0.5579066
1.669709,0.007155519,0.09753077,0.08005834,0.5579389
1.694684,0.007145664,0.09696813,0.08019654,0.5580953
1.716173,0.007190356,0.09622806,0.08043388,0.5582911
1.754,0.007276177,0.09561946,0.08056875,0.5583169
1.784974,0.007369691,0.09492117,0.08073542,0.5583721
1.821231,0.007550573,0.09416377,0.08078317,0.5581455
1.849771,0.007690184,0.09345056,0.08079413,0.5579436
1.883028,0.007905756,0.09224718,0.08080222,0.5576302
1.906263,0.008027467,0.09160539,0.08079436,0.5574443
1.945272,0.008392976,0.08896714,0.0807743,0.5569091
1.973252,0.008662825,0.08771107,0.08074439,0.5565157
2.005046,0.008994849,0.08637924,0.0806855,0.5560299
2.038085,0.009830292,0.08484571,0.08057868,0.554906
2.072108,0.01026112,0.083194,0.08058418,0.5543914
2.10481,0.01078436,0.08078852,0.0806093,0.5537893
2.141727,0.01117219,0.07893295,0.08060046,0.5533329
2.17197,0.01163018,0.077135,0.08050571,0.5527556
2.204644,0.01152102,0.07533661,0.08047161,0.5528612
2.235688,0.01139218,0.07339486,0.08045816,0.5530005
2.275873,0.01119149,0.07081448,0.08049933,0.5532529
2.30101,0.01076203,0.06947941,0.08059142,0.5538045
2.328924,0.01094679,0.0674331,0.08061429,0.5536026
2.354404,0.01105103,0.06560881,0.08063925,0.5534961
2.384832,0.01120351,0.06395451,0.08065575,0.5533289
2.412631,0.01138221,0.06259291,0.08062764,0.5531064
2.433444,0.01100695,0.06177133,0.08066509,0.5535629
2.468291,0.01116379,0.06037906,0.08070371,0.5534033
2.499647,0.01140197,0.05769268,0.08074421,0.5531507
2.528471,0.01168837,0.05493698,0.08078653,0.5528445
2.552971,0.01183342,0.05392711,0.08078731,0.5526783
2.579122,0.01212577,0.05119275,0.08079443,0.5523483
2.611995,0.01250027,0.04772898,0.08078099,0.5519168
2.639623,0.01216885,0.0465874,0.08080206,0.5523034
2.669574,0.01247239,0.04347269,0.08079649,0.5519564
2.69764,0.0127826,0.04140395,0.08079136,0.5516046
2.725783,0.01299355,0.03899384,0.08078509,0.5513654
2.75318,0.01317707,0.03731151,0.08075901,0.5511481
2.783177,0.0129549,0.03490993,0.08074474,0.5513885
2.829615,0.0133946,0.03073761,0.08058428,0.550825
2.856165,0.01359719,0.02830048,0.08048848,0.5505598
2.886957,0.01381094,0.0258119,0.08044226,0.5503066
2.921285,0.01401144,0.02354923,0.08042542,0.5500816
2.952514,0.01425678,0.0214632,0.08043405,0.5498195
2.986471,0.01455376,0.0186812,0.08041283,0.5494903
3.016634,0.01463621,0.01659677,0.08039819,0.5493957
3.043209,0.01478979,0.01519364,0.08034682,0.5492105
3.074969,0.01502742,0.01253232,0.08024421,0.5489174
3.105293,0.01530607,0.01041692,0.08010962,0.548572
3.152273,0.01493232,0.007673548,0.08003476,0.5489421
3.182875,0.01444291,0.005519086,0.08001455,0.5494556
3.212203,0.01454195,0.003316596,0.07999178,0.5493417
3.235861,0.0146259,0.001766079,0.07999229,0.5492525
3.271133,0.01425736,-0.001087081,0.08002605,0.5496579
3.296855,0.01434797,-0.002519691,0.08002982,0.5495626
3.320185,0.01458325,-0.004658467,0.08000382,0.5493021
3.35186,0.0148374,-0.006857612,0.0799912,0.5490273
3.374957,0.01497886,-0.00837858,0.0800053,0.5488822
3.399308,0.01467231,-0.01100763,0.08010053,0.5492428
3.42277,0.01486523,-0.01448345,0.08017334,0.549064
3.448353,0.01503639,-0.0171229,0.08025039,0.5489101
3.470775,0.01537165,-0.0191932,0.08028332,0.5485649
3.497911,0.01567478,-0.0205273,0.08030435,0.54825
3.515752,0.0160913,-0.02301047,0.08036926,0.5478309
3.537876,0.016542,-0.02545578,0.08040912,0.5473674
3.574965,0.01684727,-0.02915498,0.08046154,0.5470626
3.59559,0.01667163,-0.03164821,0.08057571,0.5472884
3.62227,0.0172424,-0.03496125,0.08067124,0.546717
3.653257,0.01771703,-0.03714079,0.08075549,0.5462439
3.680616,0.01810016,-0.0396973,0.08085199,0.545872
3.70033,0.01845843,-0.0411568,0.08090038,0.5455101
3.721368,0.01824927,-0.04258703,0.08101296,0.5457698
3.74199,0.01856419,-0.0440753,0.0810887,0.5454627
3.772829,0.01843681,-0.04623809,0.0812609,0.5456588
3.802483,0.01882189,-0.04849732,0.08136331,0.5452864
3.823601,0.01900532,-0.05004589,0.08141773,0.5451111
3.843775,0.01914125,-0.05170232,0.08147999,0.544989
3.864726,0.01920863,-0.05330829,0.08153083,0.5449357
3.887659,0.01918617,-0.0556827,0.08156747,0.5449729
3.910064,0.01919124,-0.05727117,0.08160753,0.5449821
3.936244,0.01924907,-0.05875751,0.08162483,0.5449269
3.962363,0.01938439,-0.06076732,0.08155041,0.5447559
3.988664,0.01954677,-0.06376981,0.08152976,0.5445762
4.015107,0.01954808,-0.06494892,0.08141585,0.5445348
4.03112,0.0195153,-0.06722121,0.08136214,0.5445509
4.057593,0.0187529,-0.06980839,0.08132914,0.5453475
4.085719,0.01858208,-0.07070497,0.08121959,0.5454897
4.110581,0.01786381,-0.07312926,0.08119792,0.5462459
4.147217,0.01688564,-0.07601297,0.08120926,0.5472975
4.181973,0.01652331,-0.07737116,0.08112749,0.5476549
4.209998,0.01620728,-0.080045,0.08110818,0.5479878
4.234298,0.01603721,-0.08225373,0.0811233,0.5481778
4.257999,0.01575312,-0.08331295,0.08107292,0.5484645
4.284225,0.0147529,-0.08493832,0.08104665,0.5495432
4.312311,0.01418818,-0.08680169,0.0810279,0.550156
4.334489,0.01380763,-0.08796072,0.08101863,0.5505732
4.358068,0.01339905,-0.08910169,0.08103225,0.5510356
4.379728,0.01249496,-0.09023519,0.08111114,0.5521015
4.405289,0.01145756,-0.09201055,0.08122895,0.5533836
4.438856,0.01034436,-0.09448975,0.08138628,0.5548624
4.465652,0.01005564,-0.09576297,0.08138592,0.5552324
4.486565,0.009766708,-0.09704401,0.08137409,0.5556
4.507949,0.009476146,-0.09836549,0.08136287,0.5559778
4.532826,0.009336078,-0.1008664,0.08137641,0.5561807
4.554949,0.009021938,-0.1027533,0.08124154,0.5564855
4.579392,0.008860645,-0.1039516,0.08115592,0.556627
4.613321,0.00825758,-0.106457,0.0809839,0.5573096
4.652724,0.008272885,-0.1095661,0.08085342,0.5571538
4.678614,0.008014001,-0.1126064,0.0807642,0.5574324
4.70026,0.008285445,-0.1150399,0.08061873,0.5569108
4.730034,0.008665724,-0.1169718,0.08025464,0.5561092
4.752557,0.008170625,-0.1194949,0.0802063,0.5567029
4.778647,0.00789116,-0.1228846,0.08004271,0.5569303
4.797142,0.007753836,-0.1243766,0.07995466,0.5570357
4.828121,0.007273277,-0.126033,0.07992061,0.5576439
New Try
0.4620868,0.02860564,0.1378396,0.08288906,0.5355037
0.4810597,0.02912396,0.136951,0.08318108,0.5350487
0.5122291,0.03008467,0.1355328,0.08357158,0.5341623
0.5420147,0.03039981,0.133736,0.08405069,0.5339788
0.5695597,0.03067726,0.1316171,0.08441236,0.5338024
0.5979885,0.03059638,0.1300646,0.08462899,0.5339583
0.61726,0.03089453,0.1283353,0.08481955,0.5337076
0.6454889,0.02993889,0.1248638,0.08501073,0.5347844
0.6832001,0.02791687,0.1198693,0.08512598,0.5369843
0.7082338,0.02677752,0.1162946,0.08502106,0.5381683
0.7340472,0.02574339,0.1151162,0.08509102,0.5393168
0.7572801,0.02431765,0.1122501,0.08499777,0.5408326
0.7947264,0.02274237,0.1098714,0.08483952,0.5424964
0.8189757,0.02199386,0.1087199,0.08468949,0.5432556
0.8434944,0.02121067,0.1075263,0.08452994,0.5440508
0.8691002,0.01997649,0.105732,0.0842047,0.5452706
0.8923764,0.01908628,0.1046018,0.08396537,0.5461504
0.9186781,0.01780933,0.1030091,0.08360056,0.5474051
0.9442634,0.01697123,0.1020335,0.08333776,0.5482181
0.9674201,0.01619416,0.100091,0.08297864,0.5489078
0.9960954,0.01507064,0.09792214,0.08252465,0.5499423
1.022192,0.01418697,0.09598781,0.08210386,0.5507197
1.044284,0.01369537,0.09447841,0.08180641,0.5511158
1.067982,0.01323931,0.09308556,0.0815007,0.5514666
1.089453,0.01255901,0.09286381,0.08124564,0.5521041
1.113013,0.0120952,0.09267294,0.08114385,0.5525814
1.137708,0.01159576,0.09246514,0.08110651,0.5531424
1.159149,0.01112118,0.09227171,0.08104446,0.5536649
1.185638,0.0103481,0.09193382,0.08095715,0.5545386
1.214203,0.009557552,0.09148498,0.08088131,0.5554663
1.237628,0.009095985,0.09133466,0.08079609,0.5559899
1.264682,0.008551986,0.09133109,0.08068285,0.5566093
1.292804,0.008031951,0.09144937,0.08059607,0.5572384
1.315867,0.007692817,0.09163134,0.08053113,0.5576534
1.337214,0.007401321,0.09195339,0.08046225,0.5580057
1.361068,0.007177806,0.0922511,0.08041426,0.5582876
1.388061,0.006889599,0.09273718,0.08032981,0.5586343
1.423203,0.00657409,0.09365448,0.08027928,0.5590824
1.447865,0.006467031,0.09412614,0.0802942,0.559286
1.471519,0.006404078,0.09460999,0.08029412,0.5593966
1.501198,0.006410521,0.09535963,0.08032868,0.5594363
1.525978,0.006434596,0.09592588,0.08038288,0.5594746
1.553904,0.00644523,0.09622769,0.08047806,0.5596042
1.586294,0.006506706,0.09641469,0.08055303,0.5596087
1.610645,0.006565498,0.09643041,0.08059763,0.5595689
1.641643,0.006649444,0.0961904,0.08068747,0.5595551
1.667901,0.006781284,0.09575769,0.08075251,0.5594091
1.691874,0.006862053,0.09538969,0.08076716,0.5592815
1.717253,0.00694436,0.09491356,0.08076888,0.5591342
1.740272,0.007032895,0.09409963,0.08075083,0.5589516
1.76201,0.007092559,0.09350269,0.08074153,0.558836
1.793127,0.007207444,0.09248332,0.08074545,0.5586483
1.821028,0.007383291,0.09141254,0.08075332,0.5583727
1.854437,0.007542053,0.08907917,0.08064388,0.5579971
1.879873,0.00780951,0.08776136,0.08066892,0.5576286
1.912694,0.008135715,0.08647827,0.08063763,0.5571343
1.936616,0.008352491,0.08559245,0.08060502,0.5568075
1.961091,0.008686653,0.08417099,0.08059337,0.5563538
1.984789,0.008928655,0.08320422,0.08057042,0.5560221
2.008677,0.009178514,0.08220147,0.08055737,0.5556952
2.034461,0.009630375,0.08065452,0.08056516,0.5551404
2.074972,0.01030823,0.07853925,0.08047988,0.554269
2.101457,0.01064642,0.07749374,0.0804364,0.5538462
2.124915,0.01114062,0.07584006,0.08041813,0.5532657
2.148524,0.01148252,0.07588261,0.08051708,0.5529298
2.171818,0.01188725,0.07427334,0.08052722,0.5524759
2.196401,0.01215848,0.07318578,0.08054309,0.5521786
2.22238,0.0126026,0.07271053,0.0806567,0.5517383
2.244206,0.0128482,0.07162008,0.08066837,0.5514698
2.277487,0.01319829,0.06998739,0.0807016,0.5510968
2.304125,0.013481,0.0684033,0.08072116,0.5507932
2.326462,0.01364596,0.06736041,0.08072456,0.5506129
2.347851,0.01381439,0.06639053,0.08072966,0.5504299
2.373748,0.01414914,0.06604545,0.08082268,0.5501045
2.403415,0.01491341,0.06461342,0.08082158,0.5492698
2.426849,0.01509302,0.06369744,0.08084198,0.5490835
2.452355,0.01538654,0.06360435,0.08093818,0.5488055
2.48158,0.01555637,0.06280113,0.0809517,0.5486272
2.50708,0.01580875,0.06156631,0.08097038,0.548362
2.533857,0.01596873,0.06067463,0.08099871,0.5482008
2.557087,0.01621356,0.05927531,0.08102972,0.5479494
2.590577,0.0163942,0.05893473,0.08113163,0.5477957
2.61577,0.01599008,0.0573952,0.08124641,0.5482805
2.640727,0.01611933,0.05634558,0.0812837,0.5481559
2.66459,0.01620224,0.05524344,0.08133052,0.5480857
2.694836,0.01626935,0.05359592,0.08141045,0.5480468
2.717821,0.01628298,0.05195647,0.08144412,0.5480465
2.743201,0.0162585,0.05086599,0.08146475,0.5480821
2.766174,0.01627018,0.04987407,0.08147638,0.5480744
2.792278,0.0163114,0.04838303,0.08145659,0.5480209
2.817302,0.01625955,0.04740226,0.08143871,0.5480697
2.843108,0.016143,0.04590017,0.08141937,0.5481883
2.87315,0.01614648,0.04445253,0.08135957,0.5481587
2.902114,0.01624631,0.04309615,0.08129191,0.5480216
2.925601,0.01632452,0.04217748,0.08125547,0.5479216
2.950662,0.01644484,0.04086516,0.08122132,0.5477774
2.977333,0.01652014,0.03995853,0.08121256,0.5476925
3.00192,0.01658243,0.03897532,0.08120955,0.5476241
3.02542,0.01668419,0.03754221,0.08118842,0.547506
3.058116,0.01682147,0.03603968,0.08119211,0.5473597
3.09031,0.01642816,0.03463983,0.08122667,0.5477976
3.118249,0.01658804,0.03302071,0.08132803,0.5476664
3.142019,0.0167246,0.03198293,0.08136738,0.5475349
3.161725,0.01687642,0.03091579,0.08138119,0.5473765
3.191176,0.01707828,0.02869604,0.08139946,0.547166
3.224472,0.01712869,0.02752808,0.08138508,0.5471059
3.249303,0.01705451,0.025756,0.08137048,0.54718
3.273805,0.01699047,0.02454244,0.08136966,0.5472487
3.296442,0.01693105,0.02331292,0.08136062,0.5473092
3.328043,0.01660596,0.02083157,0.08132704,0.5476466
3.353411,0.01633434,0.01962331,0.08137735,0.5479621
3.380992,0.01596663,0.01784718,0.0814778,0.5484065
3.409385,0.01496647,0.01616879,0.08162505,0.5495797
3.434148,0.01464282,0.0150758,0.08172744,0.5499941
3.456352,0.0143149,0.01403588,0.08181039,0.550409
3.479155,0.01367502,0.01247788,0.08200691,0.5512565
3.504209,0.01327785,0.01150891,0.08218292,0.5518328
3.537401,0.0128344,0.01012506,0.08245989,0.5525563
3.568633,0.01229584,0.008193751,0.08293831,0.5536101
3.596055,0.01208276,0.0072717,0.08315793,0.554087
3.622774,0.01183184,0.005990084,0.08348864,0.5547577
3.64809,0.0117028,0.005122607,0.08371002,0.5551839
3.674636,0.01118021,0.003914973,0.08396927,0.5563255
3.701775,0.01110077,0.002756387,0.08421015,0.5568032
3.724359,0.01106648,0.001938201,0.08437832,0.5571252
3.757333,0.01105949,0.0006401096,0.08461989,0.5575438
3.780259,0.01108632,-0.0002558863,0.08476108,0.5577438
3.807567,0.01112581,-0.001864661,0.08496832,0.5580587
3.826835,0.01113282,-0.003061085,0.085101,0.5583193
3.858298,0.01117579,-0.005026247,0.08527359,0.558601
3.885977,0.01124751,-0.007042801,0.08538402,0.5586782
3.910241,0.01127988,-0.008363499,0.08540132,0.5586356
3.935959,0.01127621,-0.0104027,0.0853987,0.5586388
3.960358,0.01125961,-0.01173785,0.08535517,0.5585786
3.991489,0.01125403,-0.01363716,0.08525652,0.5583678
4.015047,0.01127346,-0.01491054,0.08517266,0.5581412
4.046694,0.01139743,-0.01726758,0.0849325,0.5574101
4.077686,0.01154293,-0.01896838,0.08472904,0.5567883
4.098411,0.01166002,-0.02001886,0.08457945,0.5563524
4.118246,0.01173637,-0.02052926,0.08449493,0.5561016
4.142809,0.01199458,-0.02203952,0.08423258,0.555343
4.174006,0.01232902,-0.02353767,0.08399197,0.554565
4.198672,0.01271074,-0.02505416,0.08376189,0.5537918
4.216839,0.01296644,-0.02610395,0.08363698,0.5533289
4.238662,0.01321426,-0.02711888,0.08352638,0.5529046
4.262094,0.01343259,-0.0281615,0.08342593,0.5525388
4.290309,0.01417354,-0.02978918,0.08331434,0.5515213
4.309857,0.01438055,-0.03083303,0.08324514,0.5512179
4.336759,0.01465668,-0.03187783,0.08313433,0.5508078
4.359358,0.01511237,-0.03340222,0.08294349,0.5501437
4.394488,0.01554878,-0.03496446,0.08275773,0.5495248
4.419745,0.0158421,-0.03602088,0.08259516,0.5490973
4.443274,0.01625421,-0.03755137,0.0823208,0.5484878
4.466706,0.01655277,-0.03859216,0.08209275,0.5480438
4.492386,0.01684069,-0.03961557,0.08185294,0.5476167
4.527418,0.0173483,-0.04160152,0.08135528,0.5468577
4.548157,0.01710154,-0.042529,0.08106811,0.5470113
4.577779,0.01703835,-0.04392095,0.08058254,0.5469022
4.610874,0.01642789,-0.04514892,0.08005475,0.5473691
4.641353,0.01577236,-0.04516269,0.07934632,0.5478383
4.671406,0.01505782,-0.04627104,0.07880286,0.5484303
4.705178,0.01392355,-0.04768022,0.0780516,0.549415
4.729854,0.01362609,-0.0484415,0.07769353,0.5496428
4.75709,0.01339575,-0.0495505,0.07722308,0.54979
4.78708,0.0137976,-0.05062527,0.07674668,0.5493134
4.817958,0.01424288,-0.05183087,0.07624718,0.5488119
4.843627,0.01480106,-0.05424322,0.07580829,0.5482211
4.870968,0.01517279,-0.05631684,0.07553481,0.5478367
4.892698,0.0155579,-0.0584208,0.07524831,0.5474441
4.920995,0.01573883,-0.06109888,0.0746155,0.5472659
4.947381,0.01589483,-0.06268214,0.07384831,0.547147
4.975154,0.01523632,-0.06370883,0.0733447,0.5478539
5.006876,0.01503653,-0.06658953,0.07257437,0.5481604
5.050814,0.01481634,-0.07053397,0.07130968,0.5486506
5.081711,0.01464847,-0.07339917,0.07058511,0.5490327
5.108298,0.01426592,-0.07500364,0.06993119,0.549665
5.139465,0.01446068,-0.07780933,0.06943511,0.549653
5.165137,0.01490189,-0.08008951,0.06920942,0.5492692
5.190351,0.01486291,-0.08396756,0.06904288,0.5493832
5.213795,0.014987,-0.08493368,0.06894294,0.5492916
5.242909,0.01504648,-0.08872461,0.06905317,0.5491786
5.27056,0.01458344,-0.09004179,0.06929445,0.549579
5.292926,0.01405057,-0.0909412,0.06956907,0.5500415
5.320087,0.0133608,-0.09186605,0.06993405,0.5506369
5.343929,0.01224682,-0.09307395,0.07057797,0.5515794
5.36742,0.01142208,-0.09383755,0.07106019,0.5522789
5.394506,0.01010271,-0.09619481,0.07192608,0.5533763
5.422372,0.008204275,-0.09730058,0.0727318,0.5551155
5.463828,0.006442555,-0.09985247,0.07386715,0.5566579
5.493985,0.005658347,-0.1008223,0.07468172,0.5573506
5.526751,0.005210447,-0.1029378,0.07535905,0.557802
5.55355,0.004461889,-0.1050228,0.07585067,0.55862
5.588302,0.00369088,-0.1060523,0.07614658,0.5594918
5.611704,0.003257485,-0.106824,0.07626349,0.5599976
5.642875,0.002802461,-0.1081915,0.07627928,0.5605066
5.674154,0.002360744,-0.1100412,0.07612778,0.5609261
5.699474,0.00186647,-0.11243,0.07591449,0.5613729
5.722161,0.001591126,-0.1143062,0.07576596,0.5616054
5.747903,0.001923725,-0.1171899,0.07557582,0.5611645
5.774515,0.001328099,-0.119248,0.07552347,0.5617794
5.793025,0.0008567863,-0.1215518,0.07552629,0.5623239
5.819124,0.001007908,-0.1251897,0.07569336,0.5622685
5.842517,0.000898351,-0.1277564,0.07587837,0.5628116
New Try
0.3492201,0.0280545,0.1369846,0.08347858,0.5362574
0.3720563,0.02850787,0.1356121,0.08349141,0.5357862
0.395461,0.0291362,0.134734,0.08355207,0.5351472
0.4180421,0.02915511,0.1341029,0.08366621,0.5351627
0.4443189,0.02968174,0.1334348,0.08379535,0.5346513
0.470222,0.0295676,0.1331969,0.08397647,0.5348279
0.5019541,0.02946321,0.1326834,0.08433623,0.5350552
0.526727,0.02891241,0.1324739,0.08454189,0.5357075
0.5584004,0.02828666,0.1319323,0.08485035,0.5364839
0.581111,0.02788313,0.1314056,0.08507388,0.5370003
0.611189,0.02685951,0.1304857,0.08550104,0.5382783
0.6331272,0.02579348,0.1299303,0.08584144,0.5395956
0.6577321,0.02477817,0.1290125,0.08630226,0.5409497
0.6875159,0.02440389,0.1281254,0.08663217,0.5415468
0.7145834,0.02394674,0.1276155,0.0868263,0.5421773
0.7302243,0.02383905,0.1269709,0.08697966,0.5423896
0.7571682,0.02243436,0.126258,0.08734173,0.5442655
0.7818044,0.02160267,0.1257388,0.08759356,0.5454479
0.8091629,0.02047105,0.1249373,0.08796235,0.5471557
0.8325387,0.02020863,0.1243444,0.08812106,0.5476304
0.8564931,0.0200253,0.1238276,0.0881876,0.5479302
0.8742619,0.01987285,0.1233904,0.088197,0.5481417
0.9046769,0.01949961,0.1228145,0.08818906,0.5486374
0.9279476,0.01901567,0.1225305,0.08813954,0.5492542
0.9529352,0.0183846,0.1223109,0.0879511,0.5499516
0.9751221,0.01801147,0.1221962,0.08780063,0.5503289
1.003583,0.01757955,0.1219126,0.08753084,0.5506704
1.029609,0.01721139,0.121673,0.08729545,0.5509562
1.049666,0.01683061,0.1214356,0.08702948,0.5512288
1.067664,0.01649206,0.1211872,0.08674044,0.5514177
1.09901,0.01618128,0.1207163,0.08627678,0.5513954
1.128449,0.01601336,0.1200371,0.08578806,0.5511659
1.158739,0.01588727,0.119273,0.0852896,0.5508951
1.181964,0.01553462,0.1183095,0.08480891,0.5509539
1.203629,0.01518998,0.1175449,0.08455578,0.5511923
1.229777,0.0148019,0.1167738,0.08428764,0.5514746
1.253098,0.01425259,0.1157565,0.08388124,0.5518528
1.274517,0.01393379,0.1151232,0.08362653,0.5520577
1.302581,0.0136256,0.1144773,0.08334724,0.5522306
1.330296,0.01325403,0.1137201,0.08285709,0.552326
1.351537,0.01304912,0.1133525,0.08248214,0.552309
1.380656,0.01294007,0.112898,0.08192793,0.5520707
1.404405,0.01297655,0.1125764,0.0815817,0.5518165
1.433762,0.0131664,0.1121568,0.0810683,0.5513154
1.461962,0.01333821,0.1116696,0.08057389,0.5508823
1.48529,0.01335942,0.111297,0.08032174,0.5507463
1.511937,0.01335004,0.1109172,0.08002505,0.5506318
1.539092,0.01342012,0.1106905,0.07979155,0.5504645
1.565618,0.01343332,0.1105549,0.07970991,0.5504194
1.586662,0.01398903,0.1103699,0.07965008,0.5498065
1.608976,0.01398724,0.1102662,0.07967406,0.5498168
1.634284,0.0138477,0.1100443,0.07985183,0.5500301
1.659361,0.01368678,0.1098315,0.08008424,0.5502926
1.684398,0.01353104,0.1096906,0.08023187,0.5505214
1.711109,0.01331867,0.1094374,0.08044029,0.5508431
1.733855,0.01323019,0.109246,0.08053102,0.5509815
1.769325,0.01306067,0.1088817,0.08062663,0.5512135
1.797832,0.0128381,0.1084711,0.08067202,0.5514829
1.818827,0.01270042,0.108141,0.08066183,0.5516315
1.843683,0.01250883,0.1075537,0.08057327,0.5518014
1.866372,0.01229884,0.1071062,0.08047885,0.551989
1.894399,0.01202324,0.1064203,0.08036498,0.5522401
1.916333,0.01185626,0.1059551,0.08028174,0.5523852
1.94908,0.01159133,0.1051482,0.08017061,0.5526258
1.986795,0.01140866,0.1037226,0.08009105,0.5527903
2.013193,0.01136945,0.1029348,0.08006819,0.5528227
2.036135,0.01125741,0.1015225,0.08010275,0.5529655
2.063023,0.01112111,0.09974381,0.08011525,0.5531251
2.093458,0.01103101,0.09852327,0.08010016,0.5532188
2.118631,0.01092071,0.09654178,0.08001671,0.5532998
2.141593,0.0108385,0.09509203,0.07994942,0.5533576
2.16557,0.01067112,0.09291629,0.07982529,0.5534822
2.19471,0.0105883,0.09146095,0.07972545,0.5535247
2.217884,0.01056717,0.08932886,0.07957049,0.5534724
2.238948,0.01059075,0.08790855,0.07946532,0.5533966
2.263408,0.01060966,0.08653077,0.07937147,0.5533328
2.287392,0.01060317,0.08446313,0.07926487,0.5532924
2.316063,0.01056546,0.08315144,0.0792219,0.5533147
2.338376,0.0105406,0.0812125,0.07916441,0.553317
2.365122,0.01055211,0.0799723,0.07914148,0.5532946
2.389608,0.01047275,0.07798308,0.0791285,0.5533754
2.421226,0.01034328,0.07594594,0.07908658,0.5534983
2.452864,0.01021997,0.07403898,0.07902222,0.5536048
2.476652,0.01015755,0.07274094,0.07897591,0.5536529
2.500267,0.01008179,0.07096799,0.07890642,0.5537058
2.522629,0.0100367,0.06988509,0.07887084,0.5537398
2.547497,0.009995075,0.06890929,0.07883944,0.5537718
2.568542,0.009913972,0.06911787,0.07881526,0.5538496
2.594272,0.009759116,0.06768259,0.07875396,0.5539918
2.623274,0.009532876,0.06641736,0.07868751,0.5542092
2.647442,0.009384201,0.06561388,0.07865446,0.5543566
2.66953,0.00932734,0.06365887,0.07861965,0.5544037
2.696829,0.00928585,0.06267176,0.07859085,0.5544366
2.71869,0.009279098,0.06206567,0.07857607,0.5544377
2.741499,0.009260648,0.06115698,0.07855255,0.5544479
2.764194,0.009232495,0.06054369,0.07853425,0.5544708
2.790468,0.009163069,0.05987053,0.07852631,0.5545427
2.811998,0.009227411,0.0591899,0.07851184,0.554467
2.8402,0.009359665,0.05812236,0.07848931,0.5543151
2.863859,0.009427898,0.05735009,0.07848196,0.5542387
2.885281,0.009536617,0.05613723,0.07848986,0.5541249
2.916163,0.009698313,0.05506366,0.07847161,0.5539443
2.942433,0.009851555,0.05438096,0.07843246,0.5537658
2.971038,0.01003633,0.05330291,0.07842738,0.5535671
2.998795,0.01023331,0.05211979,0.07843169,0.5533593
3.022315,0.01046031,0.05100702,0.07843272,0.553119
3.064308,0.01074957,0.04985943,0.0784423,0.5528165
3.096892,0.01115508,0.04874798,0.07836539,0.5523647
3.120643,0.01153801,0.04638257,0.07830644,0.5519459
3.143947,0.01175271,0.04546663,0.07829233,0.5517179
3.169469,0.01205668,0.0440299,0.07826316,0.5513933
3.195305,0.01223174,0.04302068,0.07826146,0.5512111
3.221869,0.01246051,0.0415033,0.07828806,0.5509812
3.248885,0.01264647,0.0405051,0.07831927,0.5507969
3.279544,0.01279412,0.03902028,0.07839317,0.5506641
3.301325,0.01280483,0.03798897,0.07846276,0.5506723
3.327719,0.01285374,0.03630381,0.07855853,0.5506487
3.352829,0.01280432,0.03459359,0.07864817,0.5507264
3.379591,0.01280804,0.03345792,0.07868945,0.5507349
3.404161,0.01283216,0.03173645,0.07867842,0.5507064
3.435334,0.01276109,0.03003604,0.07866236,0.5507758
3.46731,0.01276353,0.02833041,0.07865933,0.5507723
3.502717,0.01281478,0.02654462,0.07864415,0.5507143
3.527122,0.01291191,0.02469816,0.07864542,0.5506134
3.550818,0.01293435,0.02340624,0.07864348,0.5505894
3.57474,0.01286509,0.02209003,0.07868595,0.5506743
3.597989,0.01274021,0.01999843,0.0787703,0.5508305
3.620827,0.01267268,0.01853867,0.07880337,0.5509115
3.649974,0.0125165,0.01653881,0.07883617,0.5510859
3.677171,0.01242372,0.01518213,0.07882754,0.5511806
3.705819,0.01236316,0.01337712,0.07879955,0.5512352
3.730172,0.01232032,0.01227361,0.07878011,0.5512739
3.75252,0.01227007,0.01069474,0.07880177,0.5513338
3.776934,0.01220216,0.009618657,0.07880729,0.551407
3.804188,0.0121064,0.008146801,0.07878313,0.5514999
3.827491,0.01205536,0.007158798,0.07878085,0.5515529
3.847991,0.01201738,0.006163099,0.07877093,0.5515896
3.870246,0.01196526,0.005132827,0.0787397,0.5516342
3.895668,0.01183894,0.003612072,0.07870112,0.5517545
3.929944,0.01176601,0.002110271,0.07859538,0.5517968
3.951499,0.01171427,0.001098206,0.07851929,0.5518269
3.994249,0.0116193,-0.001542207,0.07834456,0.5518725
4.02135,0.01156918,-0.004277241,0.07836109,0.5519298
4.048384,0.01147494,-0.005297069,0.07833863,0.5520215
4.068061,0.01136615,-0.006341492,0.07831395,0.5521277
4.098478,0.01127415,-0.008933485,0.07834247,0.5522327
4.125685,0.01072729,-0.01145153,0.0783975,0.552825
4.151506,0.01068119,-0.01236095,0.07838298,0.5528687
4.178036,0.01067566,-0.01501112,0.07838409,0.5528749
4.201591,0.01068112,-0.01597131,0.07832255,0.5528488
4.230227,0.01021725,-0.01974852,0.07836013,0.5533511
4.247993,0.009715362,-0.02194892,0.07835896,0.5538838
4.267776,0.009781766,-0.02412846,0.07830877,0.5537949
4.295195,0.009773003,-0.0255862,0.07815111,0.553749
4.313112,0.009760916,-0.02606527,0.07811166,0.5537484
4.350981,0.009278531,-0.02963214,0.07795808,0.5542057
4.384206,0.008841308,-0.03225553,0.07789332,0.5546455
4.407395,0.008956897,-0.03437844,0.0778323,0.5545027
4.436283,0.009123061,-0.03693311,0.07770113,0.554286
4.46557,0.009308053,-0.03826562,0.07747554,0.5540272
4.49458,0.009541527,-0.04074891,0.07729445,0.5537385
4.517027,0.0090548,-0.04159775,0.07718908,0.5542138
4.545709,0.00877157,-0.04363084,0.07709197,0.5544816
4.571362,0.009132329,-0.04498172,0.07685212,0.5540575
4.599932,0.008914465,-0.04759437,0.07673077,0.5542552
4.619699,0.008402877,-0.04858122,0.07668278,0.5547674
4.646246,0.007895086,-0.0496253,0.07664486,0.5552782
4.666615,0.00818283,-0.05229888,0.07662319,0.5549798
4.689672,0.008369302,-0.05325462,0.07658271,0.5547817
4.713627,0.008755911,-0.05535454,0.07658757,0.5543892
4.737778,0.009009152,-0.05635067,0.07655942,0.5541269
4.766812,0.009299809,-0.05780393,0.07656493,0.5538328
4.79208,0.009535229,-0.05939566,0.07660467,0.5536008
4.818094,0.009644293,-0.06059065,0.07664511,0.5534971
4.839242,0.009762824,-0.06247922,0.07673558,0.5533927
4.865175,0.009215918,-0.06392588,0.07685672,0.5539731
4.885552,0.009283628,-0.065453,0.07693713,0.5539207
4.912403,0.009462817,-0.06775385,0.07699981,0.5537509
4.935897,0.009566266,-0.0692465,0.07701377,0.5536481
4.964623,0.009733723,-0.07158181,0.07706844,0.5534886
5.001139,0.01001232,-0.07471509,0.07717007,0.5532257
5.025678,0.01020872,-0.07630934,0.07722487,0.5530367
5.052164,0.01060579,-0.0787824,0.07732271,0.5526517
5.074398,0.01079864,-0.08055442,0.07741902,0.5524758
5.102283,0.01096037,-0.08242119,0.07751273,0.5523316
5.124666,0.01120649,-0.08536285,0.07770485,0.5521249
5.154377,0.01155735,-0.08841085,0.07786874,0.5518044
5.183363,0.01177954,-0.09045999,0.07795993,0.5515984
5.217171,0.01271096,-0.09682143,0.07821258,0.5507017
5.239847,0.01333852,-0.1000416,0.07826699,0.5500678
5.263461,0.0139523,-0.1031627,0.07827642,0.5494379
5.287361,0.01470972,-0.1071887,0.07826161,0.5486565
5.312061,0.01528991,-0.1103426,0.07823221,0.5480556
5.334157,0.01568573,-0.1123192,0.07815895,0.5476357
5.361507,0.01664838,-0.1166298,0.07808252,0.5466395
5.393031,0.01684918,-0.1199309,0.07797433,0.5464154
5.425664,0.01727663,-0.1250164,0.07776556,0.5459462
New Try
1.298388,0.006878466,0.1410878,0.07384887,0.5562186
1.325284,0.005707053,0.1406926,0.07354558,0.5574814
1.35101,0.004622629,0.1402709,0.0732489,0.5587219
1.374307,0.004008286,0.1400677,0.07307478,0.5594844
1.396133,0.003502276,0.1398741,0.07291207,0.5601882
1.419436,0.003114522,0.1396638,0.0727703,0.5608255
1.456085,0.002731299,0.1391543,0.07250843,0.5618811
1.49051,0.002701005,0.1383503,0.07230503,0.5628196
1.518662,0.002810113,0.1378717,0.07219564,0.5631797
1.548012,0.003003298,0.1372259,0.07202487,0.5634104
1.572452,0.003078992,0.1368556,0.0719504,0.5634244
1.596203,0.003122447,0.1363893,0.07190076,0.56338
1.621578,0.003059732,0.1360802,0.07196649,0.5633997
1.646219,0.002897689,0.135591,0.07213771,0.5634515
1.668486,0.00275534,0.1353137,0.07229266,0.5635121
1.702241,0.002499262,0.1348036,0.07259581,0.5636828
1.72424,0.002365443,0.1344343,0.07277372,0.5637994
1.751542,0.00206883,0.1339105,0.07298914,0.5634863
1.773763,0.001974923,0.1335604,0.07316544,0.5637313
1.797366,0.001672999,0.1329252,0.07341316,0.56353
1.825848,0.001456249,0.1324715,0.07355965,0.5632146
1.851984,0.001209425,0.1317902,0.07379244,0.563067
1.872216,0.001100564,0.1313284,0.07394236,0.5633044
1.900652,0.0009257518,0.1306799,0.07407842,0.5629123
1.932013,0.0008125838,0.1300962,0.07419067,0.5630726
1.957704,0.0007792643,0.1294892,0.07423756,0.5631611
1.981341,0.0007657364,0.1290701,0.0742678,0.5632241
2.006006,0.0007466066,0.1286146,0.07430077,0.5632617
2.026459,0.0007263476,0.1281338,0.07431986,0.563255
2.054026,0.0007173896,0.1273224,0.07432241,0.5632356
2.076329,0.0007227015,0.1266934,0.07430569,0.5632006
2.107785,0.0007590895,0.1256405,0.07424945,0.5631136
2.13503,0.0008300654,0.1244511,0.07417981,0.5631276
2.157233,0.0008858512,0.1235956,0.07412327,0.5631268
2.18432,0.0009455443,0.1222269,0.07405851,0.5630875
2.206701,0.000981168,0.1213391,0.07401939,0.5630332
2.23309,0.001021225,0.1200012,0.07398614,0.5628777
2.259693,0.001082827,0.119127,0.07396521,0.5626811
2.287793,0.001192268,0.1178083,0.0739521,0.5624313
2.31635,0.001272433,0.1164083,0.07396034,0.5622664
2.345336,0.001304861,0.114887,0.0739763,0.5621909
2.37087,0.001279515,0.1138684,0.07397688,0.5622317
2.404403,0.001178582,0.1117324,0.07396164,0.5624425
2.428205,0.001132231,0.1105923,0.07393528,0.5626149
2.453025,0.001085583,0.1095324,0.07392507,0.5628483
2.474022,0.001113314,0.1079061,0.07392568,0.5632921
2.497775,0.00124514,0.1068321,0.07391468,0.5636103
2.533478,0.001646708,0.1046897,0.07395483,0.5642725
2.562666,0.001430928,0.1036412,0.07394529,0.563967
2.5915,0.001733878,0.102139,0.07389041,0.5643324
2.614661,0.001916604,0.1012188,0.07387295,0.5645502
2.639014,0.00212019,0.09980222,0.07381967,0.5647613
2.662764,0.002197579,0.09892046,0.07377034,0.5648214
2.698673,0.002386608,0.09700161,0.07373898,0.5650263
2.724998,0.002533856,0.09591202,0.07374946,0.5652038
2.757185,0.002761669,0.09386521,0.07374365,0.5654594
2.780824,0.002811424,0.09283631,0.07372858,0.5655075
2.799973,0.002825237,0.09182998,0.07370304,0.56551
2.823514,0.002795578,0.09088533,0.07367852,0.5654635
2.848849,0.002690447,0.08948427,0.07367145,0.5653396
2.878912,0.002614397,0.08863197,0.07365873,0.5652441
2.906298,0.002516981,0.08728934,0.07366151,0.5651316
2.938277,0.002438274,0.08588939,0.07365035,0.5650307
2.961433,0.002397834,0.08449853,0.07361529,0.5649576
2.98772,0.002371869,0.08355181,0.07359213,0.5649089
3.006824,0.00232203,0.08257092,0.07358142,0.5648383
3.029894,0.002277138,0.08165763,0.07355561,0.5647604
3.051026,0.002213522,0.08083726,0.07353681,0.564661
3.07424,0.002123293,0.08003896,0.07353286,0.5645349
3.108467,0.001895194,0.07837793,0.07353499,0.5642023
3.139546,0.001759299,0.0770747,0.07352389,0.5639572
3.166074,0.00169502,0.07572694,0.0735229,0.5638314
3.188809,0.001688329,0.07482004,0.07351924,0.5638111
3.213321,0.001692448,0.07389459,0.07350542,0.5637941
3.240916,0.001699371,0.0725386,0.07347462,0.5637491
3.265538,0.001707632,0.07117639,0.07344494,0.5637056
3.287792,0.001708173,0.07032994,0.07343584,0.5636865
3.313556,0.001711967,0.06956732,0.07342132,0.5636623
3.34546,0.001710751,0.06838959,0.07340885,0.5636284
3.372405,0.001707698,0.06726256,0.07340572,0.563612
3.404204,0.001730482,0.0661357,0.07343247,0.5637331
3.431803,0.001806834,0.06494518,0.07349575,0.564001
3.456951,0.001918787,0.06365142,0.07356598,0.5642749
3.479323,0.001972096,0.06285562,0.07360157,0.5643905
3.505046,0.00199743,0.06202328,0.07364214,0.5644649
3.52663,0.001993334,0.0611421,0.0736616,0.5644772
3.561336,0.00201509,0.05938558,0.07366521,0.5645096
3.586936,0.002022692,0.058463,0.07367436,0.5645278
3.618559,0.001999912,0.0570353,0.07367175,0.5644951
3.644354,0.001964052,0.05560205,0.07369723,0.5644698
3.667628,0.001956892,0.05454651,0.07374177,0.5644988
3.691259,0.001975068,0.05349134,0.07379157,0.5645623
3.720893,0.002030054,0.05186073,0.07388062,0.5646936
3.744839,0.001977517,0.05033067,0.07395276,0.5646775
3.773013,0.001830665,0.04877621,0.0740201,0.5645463
3.798207,0.00173492,0.04765142,0.07407785,0.5644696
3.823448,0.001604417,0.04649726,0.07412251,0.5643432
3.852298,0.001406264,0.04470307,0.07415272,0.5641224
3.871289,0.001308322,0.04344496,0.07418831,0.5640261
3.906498,0.0009927717,0.04074188,0.07423963,0.5636383
3.938064,0.0008185279,0.03878649,0.07425491,0.5633389
3.959196,0.0007342987,0.03744378,0.07428787,0.5631791
3.987988,0.0006820761,0.03546088,0.07432666,0.5628912
4.012566,0.0007749135,0.03358719,0.07434046,0.5625932
4.045353,0.0009684293,0.03179794,0.07435805,0.5622749
4.069546,0.001126158,0.03062378,0.0743695,0.5620669
4.094229,0.001284789,0.02945578,0.07437868,0.5618755
4.120306,0.00155573,0.02773705,0.07439481,0.5615668
4.141257,0.001660415,0.02780829,0.07438757,0.5614567
4.163371,0.001995091,0.025501,0.07442445,0.5610898
4.192474,0.002511437,0.0226157,0.07447528,0.560544
4.219592,0.002805148,0.0215022,0.07450102,0.5602396
4.245001,0.003206176,0.01981154,0.07454363,0.5598265
4.265381,0.003435621,0.01862129,0.0745796,0.5595902
4.287995,0.003636641,0.01740687,0.07461175,0.5593842
4.320717,0.003857217,0.01550467,0.07465171,0.5591586
4.348384,0.004031053,0.01352111,0.07465451,0.5589838
4.370383,0.004142268,0.01214067,0.07465624,0.558872
4.410183,0.004519138,0.009366509,0.07463806,0.5584954
4.436376,0.004879965,0.007183259,0.07463589,0.5581337
4.461828,0.005064813,0.005708005,0.07466108,0.5579466
4.486911,0.005260638,0.004281174,0.07468056,0.5577491
4.508797,0.005559469,0.002086781,0.07472352,0.5574474
4.536774,0.005785805,0.0005809295,0.0747418,0.55722
4.560746,0.006002342,-0.0008933101,0.07478013,0.5570017
4.587599,0.006381124,-0.003041439,0.07480405,0.5566219
4.619545,0.006734037,-0.005118653,0.07484641,0.5562677
4.646153,0.007096059,-0.007172171,0.07491223,0.5559045
4.67265,0.007490653,-0.009168756,0.07496593,0.5555094
4.700293,0.00772901,-0.01047479,0.07501558,0.555271
4.735774,0.008242488,-0.01306492,0.07510399,0.5547582
4.754774,0.008519433,-0.014315,0.07514022,0.5544817
4.78317,0.00876908,-0.01619677,0.07524139,0.5542343
4.80438,0.008938127,-0.01750783,0.07529893,0.5540669
4.834533,0.009210139,-0.0193786,0.07535756,0.5537968
4.868855,0.009504274,-0.02116691,0.07539282,0.5535039
4.897593,0.009811983,-0.02293685,0.07545587,0.5531986
4.936494,0.0101453,-0.02514083,0.07555059,0.5528697
4.959949,0.01034271,-0.02618527,0.07557977,0.5526736
4.985391,0.01064348,-0.02775703,0.0756238,0.5523748
5.006853,0.01090163,-0.02998246,0.07572781,0.5521227
5.037512,0.01113281,-0.03150003,0.07578138,0.5518947
5.063587,0.01139815,-0.03293596,0.07580813,0.5516306
5.087152,0.0115682,-0.03392843,0.07584716,0.5514629
5.113523,0.01172017,-0.03494265,0.07587659,0.5513127
5.13693,0.01193239,-0.03646454,0.07591178,0.5511025
5.159698,0.01222389,-0.03868283,0.076019,0.5508187
5.189088,0.01255296,-0.04033548,0.07609356,0.5504948
5.213133,0.01294064,-0.04265506,0.07622188,0.5501172
5.244274,0.01352867,-0.0462323,0.07639991,0.549544
5.270894,0.01376213,-0.04753718,0.0764382,0.5493132
5.293905,0.01414909,-0.04991956,0.07657131,0.5489385
5.319588,0.01451493,-0.05183882,0.07667052,0.5485815
5.346483,0.01469624,-0.05393167,0.07676619,0.5484103
5.377082,0.0147029,-0.05613601,0.07694715,0.5484266
5.404643,0.01479191,-0.05764072,0.07706115,0.5483524
5.43124,0.01504406,-0.06003229,0.07722247,0.548121
5.456248,0.01523874,-0.06164119,0.07734556,0.5479429
5.483235,0.01560874,-0.06401462,0.07749759,0.5475924
5.504001,0.01583967,-0.06550611,0.07759928,0.5473751
5.53884,0.01634921,-0.06845076,0.07781938,0.5468957
5.564128,0.0166027,-0.07002655,0.07793739,0.5466592
5.587559,0.01736059,-0.07150642,0.07808394,0.5459155
5.613752,0.01762749,-0.07386392,0.07833441,0.5456908
5.638664,0.01778197,-0.07540864,0.07851244,0.5455684
5.672303,0.01801862,-0.07853121,0.07899224,0.5454292
5.69821,0.01813797,-0.08000911,0.07925544,0.5453683
5.722041,0.0182812,-0.08144578,0.07954285,0.5452923
5.750919,0.01849867,-0.083598,0.08002066,0.5451957
5.774043,0.0187853,-0.08570336,0.08051328,0.545042
5.801121,0.0189441,-0.08704095,0.08085195,0.5449824
5.82332,0.01914144,-0.08906671,0.08137318,0.5449507
5.851794,0.0192617,-0.09036973,0.08169336,0.5449387
5.887136,0.01944781,-0.09308089,0.08234032,0.5449907
5.922052,0.01963251,-0.09518348,0.0828105,0.544988
5.948986,0.01987001,-0.09727798,0.08325835,0.5449275
5.973753,0.02014151,-0.09939235,0.08372123,0.5448446
5.999818,0.02041015,-0.1008407,0.08399146,0.5446771
6.020292,0.02019373,-0.1023302,0.08424447,0.5450466
6.048677,0.02061943,-0.1046259,0.08457946,0.5447409
6.069075,0.02090585,-0.1063402,0.08476948,0.5445173
6.102094,0.02132027,-0.1089288,0.08502067,0.5441814
6.125262,0.02158812,-0.1107066,0.08522081,0.5439847
6.153201,0.02227263,-0.1146946,0.08565158,0.5434395
6.177494,0.02286137,-0.1178099,0.08596272,0.5429386
6.203107,0.02353675,-0.1208583,0.0862295,0.5423148
New Try
1.11177,0.005435154,0.1405989,0.07891729,0.5592323
1.1347,0.004913436,0.1390051,0.07785439,0.5590007
1.161241,0.004759333,0.1387606,0.07725509,0.5588089
1.179324,0.004631925,0.1384167,0.07665718,0.5586747
1.201259,0.004466346,0.1380341,0.07616585,0.5586885
1.226456,0.003786307,0.1376289,0.07574823,0.5592884
1.251413,0.003685156,0.1372147,0.07537947,0.5593345
1.27519,0.003566909,0.1364359,0.07494243,0.5594336
1.295528,0.00350436,0.1346319,0.07468276,0.5595101
1.322073,0.00311093,0.1336377,0.07450991,0.5599279
1.347381,0.002823268,0.1330006,0.07441879,0.5602372
1.380125,0.002576786,0.1320907,0.07432135,0.5605142
1.405653,0.002505348,0.1301354,0.07415486,0.5606415
1.424008,0.002527684,0.1285454,0.07402619,0.5606675
1.453229,0.002430952,0.1279717,0.07401573,0.5607772
1.477269,0.002379364,0.1275902,0.07401019,0.5608363
1.49561,0.002264637,0.1271709,0.0740092,0.5609636
1.514324,0.002049959,0.1266448,0.07403315,0.5611924
1.544056,0.001790376,0.126102,0.07404401,0.5614862
1.571623,0.001504604,0.1252985,0.07400296,0.5618732
1.594936,0.001397064,0.1247319,0.07394458,0.5620847
1.621741,0.00134229,0.1239363,0.07380631,0.5623862
1.638385,0.001388478,0.1234227,0.07366809,0.5626078
1.667602,0.001542349,0.1226424,0.07345987,0.5629174
1.688803,0.001671705,0.1221157,0.07333364,0.5631336
1.707976,0.001788657,0.1216247,0.07324905,0.5633653
1.744718,0.001951198,0.1209664,0.07314641,0.5636094
1.771867,0.002051384,0.1203143,0.07312828,0.5638396
1.79827,0.002158673,0.1195358,0.07319496,0.564184
1.821844,0.002260544,0.1189656,0.07321369,0.5643854
1.845807,0.002351745,0.1184374,0.07323135,0.56455
1.871035,0.002464605,0.1176123,0.0732675,0.5647529
1.896534,0.002562301,0.1169658,0.07329503,0.5649127
1.920385,0.002669744,0.1158924,0.0733401,0.565091
1.94337,0.002761437,0.1151387,0.07337081,0.5652297
1.966523,0.00283911,0.1143835,0.07338654,0.5653361
1.997193,0.003463185,0.1131474,0.07340632,0.5660747
2.023119,0.003590933,0.1117661,0.07338832,0.566209
2.044271,0.003700542,0.1108216,0.07335737,0.566316
2.065031,0.003838701,0.1098653,0.07331262,0.566448
2.090507,0.003970012,0.1088483,0.07326704,0.5665718
2.112103,0.004120268,0.1072542,0.07317828,0.5666957
2.138402,0.004219837,0.1061689,0.07312963,0.5667827
2.164649,0.004320477,0.1045022,0.07304228,0.5668515
2.198484,0.004401133,0.1027896,0.07296107,0.5669004
2.232658,0.005038841,0.1006763,0.07289726,0.5675792
2.259987,0.005091406,0.09964893,0.07286815,0.5676236
2.280742,0.005152169,0.09861328,0.0728296,0.5676727
2.303997,0.005195321,0.09760936,0.07279601,0.5677047
2.327573,0.005151413,0.09611322,0.07273512,0.5676268
2.35198,0.005140128,0.09514478,0.07270154,0.5675976
2.377729,0.005150549,0.09360646,0.07264823,0.5675823
2.399545,0.005124547,0.09255406,0.07263143,0.5675443
2.430191,0.005059824,0.09100239,0.07259672,0.5674527
2.45745,0.005049277,0.08999839,0.07259729,0.567441
2.47915,0.005038935,0.08888528,0.07260404,0.5674329
2.504144,0.005034464,0.08727053,0.07260572,0.5674287
2.529053,0.005063674,0.08620599,0.07261813,0.5674685
2.55486,0.0050864,0.08460866,0.07262187,0.5674962
2.577587,0.005101291,0.08350274,0.07262669,0.5675156
2.597674,0.005089382,0.08236965,0.07261708,0.5674971
2.626793,0.005061621,0.08068993,0.07258721,0.5674496
2.660102,0.005591059,0.07897773,0.07254452,0.568023
2.683318,0.005709416,0.07711783,0.07253406,0.5681494
2.713063,0.0057865,0.07535414,0.0724893,0.5682135
2.742301,0.005848745,0.07415133,0.07247858,0.5682774
2.761621,0.005925403,0.07293957,0.07248987,0.5683675
2.788601,0.005933095,0.07135626,0.0724657,0.5683646
2.812312,0.005914554,0.07045501,0.07239649,0.5683107
2.83659,0.005859811,0.06923404,0.07231701,0.5682095
2.870332,0.005800521,0.06805937,0.07224915,0.5681068
2.894239,0.005762991,0.06730799,0.07221863,0.5680474
2.923919,0.00573382,0.06612526,0.07222512,0.5680177
2.943673,0.005791525,0.06519243,0.07229362,0.5681203
2.970238,0.005975069,0.0637345,0.07237867,0.5683694
3.002879,0.00609539,0.06224408,0.07240447,0.5685152
3.02832,0.006155855,0.06072243,0.072388,0.5685742
3.059175,0.006243619,0.059073,0.07236118,0.5686586
3.095296,0.006277775,0.05747595,0.07230593,0.5686703
3.123635,0.006277731,0.0558238,0.07227155,0.5686538
3.148211,0.006238979,0.05408167,0.07225791,0.5686041
3.172161,0.006225244,0.05295809,0.07224249,0.5685812
3.207031,0.006236478,0.05068348,0.07223438,0.5685897
3.23604,0.006228328,0.04957017,0.07221923,0.5685731
3.262857,0.006261404,0.04791984,0.07221014,0.5686055
3.292333,0.006257723,0.04632806,0.07223239,0.5686125
3.316385,0.006217631,0.04530201,0.07223102,0.568567
3.340089,0.006170091,0.04431234,0.07222221,0.5685095
3.359418,0.006049509,0.04283977,0.07221431,0.56837
3.386531,0.005969049,0.04182801,0.07220007,0.5682716
3.411586,0.00590498,0.04031825,0.07218704,0.5681919
3.438719,0.00587501,0.03928696,0.07218599,0.5681573
3.460047,0.005833868,0.03825293,0.07217736,0.5681056
3.486902,0.005747149,0.03677021,0.07213324,0.5679811
3.519656,0.005658814,0.03468883,0.07211811,0.56787
3.542848,0.005618747,0.03366491,0.07210202,0.5678138
3.564015,0.005604828,0.03263719,0.07209175,0.5677913
3.589999,0.005585895,0.03163551,0.07209124,0.5677688
3.614616,0.005531511,0.03022498,0.07201975,0.56766
3.645225,0.005506331,0.02882622,0.07196283,0.567593
3.670309,0.005496958,0.0278728,0.07193563,0.5675636
3.698671,0.005520395,0.02653557,0.07191818,0.5675801
3.741478,0.005574501,0.02478177,0.07188381,0.5676222
3.766106,0.005571176,0.02345437,0.07180824,0.5675663
3.791443,0.005573376,0.02260886,0.07178997,0.5675561
3.814333,0.005560306,0.02130841,0.0717692,0.5675254
3.837329,0.005586028,0.02040338,0.07176671,0.5675552
3.860425,0.005624753,0.01954485,0.07175509,0.5675944
3.887503,0.00557711,0.01749843,0.0717813,0.5675546
3.913046,0.005514411,0.0150311,0.07181016,0.5674982
3.95005,0.005573984,0.01333327,0.07182852,0.5675838
3.977702,0.005556043,0.01123118,0.07187913,0.5675967
4.003982,0.005634003,0.009850007,0.07189993,0.5677044
4.024601,0.0056037,0.00768923,0.07193062,0.5676883
4.054149,0.005638962,0.006281558,0.07193116,0.5677308
4.078083,0.005621474,0.004154162,0.07193134,0.56771
4.09867,0.005693662,0.003157022,0.07192226,0.5677902
4.126825,0.005630901,-0.0007308471,0.07190376,0.5677032
4.164048,0.0056676,-0.002756645,0.07183158,0.5676993
4.190795,0.005715976,-0.003808697,0.07182728,0.5677546
4.221281,0.005734293,-0.005816029,0.07175723,0.5677294
4.25473,0.00571485,-0.008506887,0.0717166,0.5676775
4.279231,0.005715707,-0.009543192,0.07170191,0.5676682
4.306897,0.005690629,-0.01227761,0.0716668,0.5676123
4.338135,0.00562205,-0.01491694,0.07163251,0.567502
4.365229,0.005445505,-0.01740308,0.07154661,0.5672104
4.393865,0.005373762,-0.01820099,0.071509,0.5670854
4.413789,0.005270931,-0.02017918,0.07144647,0.566893
4.438776,0.005190447,-0.02134246,0.07137281,0.5667127
4.463256,0.005134168,-0.02210551,0.07129321,0.5665524
4.48931,0.005033974,-0.02449876,0.07115332,0.5662472
4.518733,0.005014625,-0.02569289,0.07101766,0.5660475
4.543579,0.005346097,-0.02763303,0.07091095,0.5664439
4.575023,0.005371745,-0.02879597,0.07076216,0.566301
4.601866,0.005352372,-0.03111299,0.07054827,0.5659716
4.624812,0.005379003,-0.03182413,0.07044708,0.5658644
4.649098,0.005440782,-0.03291692,0.07028065,0.5657074
4.679389,0.005489484,-0.03520795,0.06998623,0.5652353
4.707369,0.005818241,-0.03591711,0.06979782,0.5656056
4.737627,0.006214007,-0.03710777,0.0695621,0.5660072
4.75981,0.00663973,-0.03843116,0.06931754,0.5664345
4.792479,0.007061029,-0.03974015,0.06910624,0.5668887
4.813339,0.00707639,-0.04188384,0.06894044,0.5666547
4.842497,0.007495421,-0.04337174,0.06867582,0.5670232
4.865203,0.007564557,-0.04432369,0.06853118,0.5669214
4.892299,0.00788272,-0.046925,0.06829261,0.5671411
4.910119,0.007895109,-0.04740847,0.06819228,0.5669985
4.935591,0.008264264,-0.04894948,0.06787143,0.5671811
4.962861,0.008572867,-0.05167395,0.06765186,0.5674158
4.994197,0.00923949,-0.0533747,0.06744767,0.5683227
5.018096,0.009586252,-0.0545123,0.06731952,0.5687364
5.040338,0.00948205,-0.05679793,0.06721468,0.5684128
5.068264,0.009763426,-0.05847128,0.06704745,0.5686641
5.095215,0.009710012,-0.06001563,0.06688306,0.5683292
5.119712,0.009575346,-0.06216081,0.06680185,0.5679475
5.14408,0.009418538,-0.06432284,0.06674791,0.56754
5.169469,0.00957962,-0.06579273,0.06675217,0.5678726
5.202888,0.009753845,-0.06779353,0.06693888,0.5684915
5.235645,0.009562397,-0.0693767,0.06706669,0.5683388
5.260544,0.009414118,-0.070548,0.06714854,0.5681943
5.283447,0.009263666,-0.07177356,0.06721241,0.5680169
5.310809,0.009186916,-0.07382213,0.06720463,0.5678613
5.337893,0.00953362,-0.07605241,0.0672039,0.5684873
5.365209,0.009556311,-0.07755455,0.06720767,0.568532
5.39328,0.009498971,-0.07993149,0.06717505,0.5683852
5.427175,0.00936385,-0.08242889,0.06718918,0.5681646
5.457765,0.0092388,-0.08487595,0.06724834,0.5680267
5.478261,0.00907901,-0.086525,0.06729563,0.5678033
5.501374,0.008892021,-0.08891273,0.06738519,0.5675916
5.525753,0.00874856,-0.09044068,0.06744661,0.567414
5.552868,0.008549137,-0.09267007,0.06754258,0.5671803
5.579762,0.008339412,-0.09487649,0.06763402,0.56691
5.603401,0.008206647,-0.09627394,0.06770574,0.5667607
5.62975,0.007985914,-0.09844223,0.06781369,0.5664831
5.665968,0.007747629,-0.1006967,0.06791425,0.5661334
5.694387,0.007570467,-0.1030435,0.06799989,0.5658828
5.723232,0.007403731,-0.1056269,0.06818338,0.5658895
5.744862,0.00729859,-0.107402,0.06830793,0.565913
5.77139,0.00720881,-0.1092625,0.06843356,0.5659747
5.795715,0.007631891,-0.1121861,0.0687817,0.5674248
5.820204,0.007528284,-0.1140991,0.06903953,0.5675987
5.850643,0.007733633,-0.1173505,0.06943005,0.5683652
5.878261,0.007700883,-0.1207393,0.069879,0.5687515
5.903106,0.007756011,-0.1230398,0.07014913,0.5690519
5.927159,0.007755099,-0.1265937,0.07038581,0.5692331
5.953447,0.007818601,-0.1290797,0.07050212,0.5693953
