New Try
0,0.01124587,0.08332754,0.07590317,0.5742096
0,0.01149762,0.08161902,0.07611305,0.5744436
0,0.01147713,0.08120434,0.07624775,0.5744091
0,0.01133825,0.08196224,0.07749145,0.5740612
0,0.01139926,0.08232981,0.07822106,0.5739347
0,0.01149588,0.08321431,0.07881126,0.5738457
0,0.01181973,0.08330233,0.07981863,0.5737929
0,0.01219206,0.08347526,0.07953217,0.5743184
0,0.01209696,0.08294653,0.07927871,0.574315
0,0.01177571,0.08263538,0.07924164,0.5739853
0,0.01169749,0.08330811,0.07880805,0.5740603
0,0.01156081,0.08359028,0.07871502,0.5739477
0,0.01253928,0.08385212,0.07509608,0.5755389
0,0.01528084,0.08111,0.0701375,0.5774866
0,0.0164789,0.08092951,0.06855584,0.5781667
0,0.01689325,0.08270542,0.06655746,0.5776324
0,0.0175868,0.08372036,0.06386149,0.5766099
0,0.01811293,0.085258,0.06247099,0.5760806
0,0.0175563,0.08731534,0.06226133,0.575081
0,0.02089594,0.09034098,0.05906137,0.576513
0,0.02686945,0.09788805,0.05337444,0.5789469
0,0.02919971,0.1027009,0.05097475,0.5795955
0,0.0279279,0.1085332,0.05122609,0.577655
0,0.02344175,0.1126681,0.05507423,0.5753483
0,0.02285205,0.1120019,0.05545641,0.5748433
0,0.02285205,0.1120019,0.05545641,0.5748433
0,0.02211081,0.1116637,0.05597942,0.5742741
0,0.01648492,0.1155935,0.06244878,0.5736874
0,0.01235187,0.1136675,0.06688245,0.5723099
0,0.01049558,0.1127547,0.06873319,0.5714193
0,0.009276439,0.1115866,0.0707004,0.5712199
0,0.008762392,0.1119001,0.07240657,0.5713698
0,0.007481973,0.1143766,0.07454368,0.5704681
0,0.006835467,0.1114477,0.07463557,0.5698258
0,0.006610274,0.1117875,0.07499997,0.5696103
0,0.006761122,0.1120851,0.07483494,0.5697591
0,0.006672264,0.1124129,0.07500394,0.5696723
0,0.006755082,0.1144254,0.07518921,0.5697525
0,0.006625934,0.1161561,0.07542852,0.5696121
0,0.005784851,0.127596,0.07866657,0.5674745
0,0.006098609,0.1371829,0.07608051,0.5690022
New Try
1.095809,0.01706155,0.1371782,0.07348123,0.5799938
1.124638,0.01657815,0.1351023,0.07482656,0.5795773
1.159172,0.01617491,0.1323881,0.07567586,0.5791608
1.189685,0.01632569,0.1306193,0.07559282,0.5793149
1.221253,0.01683052,0.1288835,0.07483079,0.5798297
1.252205,0.01770402,0.1261479,0.07355338,0.5806448
1.282773,0.017588,0.1257105,0.07390475,0.5805539
1.315422,0.01795495,0.1221764,0.07284669,0.5808254
1.354446,0.01784039,0.1221118,0.07303072,0.5807314
1.388991,0.01774766,0.121757,0.07309164,0.5806448
1.420105,0.01790104,0.1196587,0.07245881,0.5807198
1.452754,0.01717842,0.1165386,0.07273459,0.5800284
1.482808,0.01695519,0.1149711,0.07249254,0.5797688
1.511526,0.01681064,0.1139083,0.07228713,0.5795903
1.539391,0.01704093,0.1131437,0.07122287,0.5796171
1.579931,0.01679347,0.1124924,0.07109059,0.5793321
1.610161,0.01654641,0.1120848,0.0711988,0.5791039
1.641644,0.01617471,0.111504,0.07119107,0.5787199
1.675175,0.01624531,0.111045,0.07103819,0.5787548
1.705692,0.01612647,0.1109089,0.07116315,0.5786634
1.736812,0.01546416,0.1107433,0.07189327,0.5781489
1.772997,0.01483862,0.1085791,0.07224084,0.5775799
1.813581,0.01468921,0.1071896,0.07179995,0.5773364
1.846036,0.01391628,0.1059812,0.07185034,0.5765552
1.877014,0.01339015,0.1047073,0.07151714,0.5759293
1.907407,0.01224114,0.102423,0.07210128,0.574893
1.935635,0.01264848,0.1036546,0.07060021,0.5748586
1.965098,0.009229629,0.09975554,0.07236504,0.5718455
1.995216,0.009015485,0.09900668,0.07210125,0.5715368
2.02986,0.006938699,0.09408304,0.07319097,0.5696988
2.058312,0.006370907,0.09268722,0.07320441,0.5691127
2.086917,0.005936638,0.09194849,0.07353478,0.568753
2.115973,0.005799472,0.09136485,0.07337288,0.5685666
2.148896,0.005395586,0.0898113,0.0730572,0.5680337
2.183561,0.002962463,0.08608782,0.07440498,0.5659021
2.283561,0.003493475,0.08239294,0.07303789,0.5658904
2.329838,0.00368927,0.08185069,0.07279573,0.5659584
2.351146,0.003822199,0.08169904,0.0725682,0.5659488
2.373305,0.004118754,0.08057208,0.07212363,0.565948
2.395091,0.00416225,0.08005946,0.07202291,0.5659088
2.415278,0.004067141,0.07992966,0.07208723,0.5658386
2.437096,0.004092888,0.07961638,0.07199724,0.5657812
2.457147,0.004322311,0.07945525,0.07173885,0.5658368
2.47853,0.004085586,0.07936648,0.07193119,0.5656971
2.500333,0.004216867,0.07853618,0.07164242,0.5655512
2.536406,0.003748759,0.07589304,0.07182313,0.5649902
2.568222,0.005031969,0.07049207,0.07053127,0.5653133
2.600754,0.005444384,0.0685209,0.07026497,0.5656872
2.652504,0.00569458,0.06696606,0.07002145,0.5657645
2.689394,0.00565146,0.06519662,0.07004044,0.5657096
2.721739,0.005740268,0.06416768,0.06996628,0.5657591
2.761463,0.005690208,0.06291847,0.07008251,0.565863
2.793716,0.005826085,0.06251373,0.06996939,0.5659388
2.82179,0.005639612,0.06207848,0.07013236,0.5658481
2.852082,0.005611537,0.0615142,0.07016783,0.565853
2.882362,0.00570466,0.06123675,0.07012205,0.5659578
2.913685,0.005662868,0.06030566,0.07014089,0.5659081
2.946151,0.005661398,0.05735304,0.07006828,0.5657802
2.985597,0.005801475,0.05342903,0.06997646,0.5659019
3.015391,0.006142287,0.05152166,0.06956065,0.5658533
3.046426,0.00702383,0.04867066,0.06858858,0.5658684
3.077949,0.007299088,0.04657922,0.06825033,0.5657783
3.107276,0.009332894,0.0430023,0.06583411,0.5647576
3.135874,0.009421247,0.04035053,0.06566142,0.5642453
3.170405,0.009749307,0.03907597,0.0653254,0.5642046
3.214488,0.009575483,0.03814339,0.06547481,0.5639801
3.246727,0.01133977,0.03421458,0.06375007,0.5644245
3.279145,0.01358814,0.02991549,0.06151965,0.5647082
3.306974,0.01416202,0.02859883,0.06093351,0.5646421
3.334957,0.01457173,0.02783357,0.0605213,0.5646439
3.36711,0.01492369,0.0262961,0.06016312,0.5646073
3.397533,0.01534981,0.02420845,0.05974736,0.5647244
3.434678,0.0156879,0.02296507,0.05942615,0.5648882
3.464237,0.01631523,0.02141159,0.05882477,0.5651327
3.4953,0.01590406,0.02170556,0.0592362,0.5651076
3.525423,0.01588303,0.02105674,0.0592539,0.5650811
3.558337,0.01602788,0.02049959,0.05912026,0.5651742
3.590123,0.01644072,0.01921487,0.05873596,0.5654038
3.619366,0.01652947,0.01608634,0.05873123,0.5659241
3.65567,0.01507809,0.01213753,0.06019497,0.5658566
3.688523,0.01264948,0.01001873,0.06267571,0.5658498
3.720592,0.01232889,0.008844933,0.06315828,0.5664315
3.752013,0.01224923,0.008726083,0.06338921,0.566903
3.785009,0.01237961,0.007779578,0.06339423,0.5673082
3.816041,0.01270723,0.006135568,0.06336816,0.5681161
3.846946,0.01316239,0.005293662,0.06312703,0.5686817
3.887544,0.01398435,0.004141485,0.06260946,0.5694836
3.916055,0.01390471,0.003313623,0.06269719,0.5694793
3.943583,0.01451426,0.003506468,0.06236722,0.5701468
3.97518,0.01539445,0.002895915,0.06194699,0.5711614
4.008442,0.0172549,0.00195967,0.06078748,0.5727845
4.041129,0.01847312,0.0002195016,0.06016691,0.5740107
4.072335,0.01993913,0.0001033888,0.0593196,0.5753164
4.112399,0.02129113,0.0004515671,0.05823879,0.5761291
4.145267,0.02175875,0.0006831572,0.05790103,0.5764562
4.175958,0.02261387,0.0005594352,0.05739064,0.577188
4.209565,0.02376993,0.003378084,0.05713433,0.5786789
4.241186,0.02416945,0.002919618,0.05706144,0.5791979
4.274784,0.02437131,0.003562863,0.05698767,0.579417
4.31724,0.02430674,0.003651602,0.05714355,0.5794914
4.347685,0.02381679,0.005173965,0.05783976,0.5795156
4.381172,0.02311611,0.005761947,0.05865188,0.579343
4.413187,0.02230851,0.003456928,0.05982734,0.5793542
4.444484,0.02330588,0.002973894,0.06002053,0.5808544
4.474952,0.02290155,0.001602544,0.06103883,0.581154
4.514355,0.02235637,-0.0004734574,0.06220406,0.5813323
4.546198,0.02220895,-0.001827451,0.06269837,0.5814908
4.578454,0.02222354,-0.002836231,0.06302767,0.581723
4.61077,0.02159657,-0.005261603,0.06397115,0.5815682
4.642979,0.02198477,-0.004718715,0.06372792,0.5818751
4.673301,0.02179202,-0.005277057,0.06404105,0.581836
4.704617,0.02177101,-0.005949786,0.06414504,0.5818719
4.746036,0.02036306,-0.01115941,0.06516259,0.5808292
4.777351,0.01952982,-0.01225639,0.06568713,0.5801664
4.807995,0.01897631,-0.01632479,0.06656302,0.5799976
4.865667,0.0181395,-0.02146282,0.06773979,0.5796232
4.898194,0.01807541,-0.02580166,0.06797884,0.5796561
4.930893,0.0179604,-0.02906303,0.06789968,0.5794973
4.974666,0.01848877,-0.03170341,0.06693245,0.5796358
5.006668,0.01880972,-0.03288511,0.06624673,0.5796489
5.038019,0.01900806,-0.03356957,0.06584082,0.5796558
5.06673,0.01883896,-0.03345145,0.0659755,0.5795368
5.097618,0.019995,-0.03611363,0.06410345,0.579765
5.12776,0.02224659,-0.04062478,0.06063993,0.5799912
5.156873,0.0236957,-0.04389468,0.05846168,0.5799697
5.198271,0.02459844,-0.04655818,0.05703807,0.5798063
5.231528,0.02507255,-0.04785695,0.05634291,0.5797495
5.262818,0.02546996,-0.04927961,0.05571019,0.579632
5.29492,0.02592474,-0.0505864,0.05496029,0.579447
5.327722,0.02673619,-0.05256435,0.05376381,0.5792434
5.361514,0.02695711,-0.05336807,0.05339898,0.5791271
5.400482,0.02680738,-0.05315689,0.05355589,0.5790868
5.430664,0.02706157,-0.05380158,0.05321793,0.5790583
5.461055,0.02699814,-0.05428768,0.05317759,0.578896
5.492257,0.02705842,-0.05584737,0.05288666,0.5785936
5.522761,0.0270266,-0.05889062,0.05281848,0.5784408
5.55545,0.02638362,-0.06091856,0.05363573,0.5784811
5.591468,0.02485428,-0.06436325,0.05628254,0.5793521
5.635778,0.02491945,-0.06469039,0.05691968,0.5801488
5.696062,0.02364075,-0.06684505,0.05992329,0.5812093
5.746324,0.02364028,-0.06770466,0.06046535,0.5816442
5.775627,0.0241319,-0.06744844,0.06010343,0.5819853
5.796514,0.02336824,-0.06887656,0.06117053,0.5818367
5.820098,0.02363543,-0.06897475,0.06131808,0.5822728
5.838084,0.02299554,-0.06944092,0.0617604,0.5818018
5.856332,0.02237391,-0.07122104,0.06265648,0.5816609
5.874429,0.02209663,-0.07358602,0.06432237,0.5823455
5.891605,0.02061585,-0.07627075,0.06619571,0.5816413
5.909939,0.02127591,-0.07845428,0.06692263,0.582683
5.928733,0.02206887,-0.079189,0.06708099,0.5835992
5.945737,0.02206683,-0.08053806,0.06741042,0.5837206
5.963986,0.02147602,-0.08249933,0.06801922,0.5833098
5.982896,0.02148353,-0.08451898,0.06804493,0.5833266
6.000164,0.02162533,-0.08529048,0.06798842,0.5834571
6.022749,0.02118354,-0.08824834,0.06845737,0.5831479
6.043226,0.02151479,-0.08809416,0.06855138,0.5835257
6.064101,0.02167747,-0.08780058,0.06849166,0.5836774
6.086276,0.02102883,-0.09041494,0.06931815,0.5832467
6.109099,0.02102883,-0.09041494,0.06931815,0.5832467
6.131007,0.02125778,-0.09053025,0.06939024,0.5835043
6.154514,0.02125778,-0.09053025,0.06939024,0.5835043
6.178128,0.02117305,-0.09270702,0.06991471,0.5835533
6.202961,0.02031128,-0.09567405,0.07031958,0.5827647
6.230907,0.02037896,-0.09845876,0.07073788,0.5829283
6.253457,0.01846618,-0.1055766,0.07208399,0.5812345
6.276899,0.01805477,-0.107995,0.072666,0.5809033
6.303196,0.0164915,-0.113443,0.07322765,0.579396
6.340894,0.0154947,-0.1183361,0.07351238,0.5784231
6.366301,0.01490297,-0.1214258,0.07375126,0.5778506
6.391144,0.0143308,-0.1250598,0.07400702,0.5772964
6.413893,0.01369049,-0.1283522,0.07401168,0.5766548
6.443761,0.01266111,-0.1332407,0.07398238,0.5756202
6.465563,0.01233672,-0.1348358,0.0738911,0.5752868
6.488021,0.01233672,-0.1348358,0.0738911,0.5752868
6.510081,0.01197037,-0.1358456,0.07376742,0.5749068
6.529726,0.01197037,-0.1358456,0.07376742,0.5749068
New Try
1.682065,0.01430166,0.1392277,0.06746125,0.5751534
1.712419,0.01449027,0.1370454,0.06744256,0.5753634
1.745923,0.01435365,0.1337587,0.06799337,0.5755274
1.778948,0.0142673,0.1306661,0.06817628,0.5755297
1.807929,0.01443967,0.1287663,0.06802591,0.5756438
1.838199,0.01566943,0.1247944,0.06658525,0.5762183
1.868074,0.01633416,0.1231854,0.06607112,0.5766777
1.903104,0.01726699,0.1205661,0.06541375,0.5773615
1.945851,0.01767711,0.1197483,0.06500214,0.5775782
1.978998,0.01754893,0.1198115,0.06521554,0.5775681
2.01286,0.01718109,0.1160512,0.06534081,0.5772088
2.048516,0.01688608,0.1132833,0.06577017,0.5771404
2.081094,0.01731701,0.1121933,0.0662488,0.5779431
2.112692,0.01823159,0.1092231,0.06606267,0.5788907
2.151835,0.0182526,0.1082776,0.06620474,0.5789938
2.184507,0.01824027,0.1049307,0.06676586,0.579276
2.21741,0.0184657,0.1029348,0.06666777,0.579479
2.24631,0.01803883,0.1008727,0.06755656,0.5794315
2.274764,0.01796423,0.09654303,0.06776313,0.5794421
2.303885,0.01772252,0.09635343,0.06798816,0.5792764
2.335414,0.01790712,0.09565672,0.06783249,0.5794101
2.37691,0.01769249,0.09260514,0.0683005,0.579375
2.40724,0.01822491,0.08721269,0.06855584,0.5800476
2.441491,0.01741692,0.08428346,0.06944417,0.5795071
2.475274,0.01654471,0.08255523,0.07013839,0.5788143
2.503454,0.01594074,0.08135426,0.07071462,0.5783539
2.533303,0.0159519,0.08023681,0.07074178,0.5783731
2.563271,0.01589241,0.07906892,0.07060669,0.5782731
2.607709,0.01475781,0.07783863,0.07186119,0.5774202
2.640568,0.0148207,0.07668746,0.07118563,0.5773215
2.670802,0.0148207,0.07668746,0.07118563,0.5773215
2.701681,0.01447545,0.07659995,0.07156573,0.5770622
2.734159,0.01440169,0.07638206,0.07138693,0.5769411
2.764189,0.01398066,0.07606369,0.0716915,0.5765836
2.803254,0.01383859,0.0751776,0.07100244,0.5762486
2.834894,0.01203316,0.07376657,0.07152451,0.5745203
2.868822,0.01186734,0.07335705,0.07121984,0.5742492
2.899548,0.008723075,0.07075791,0.07388019,0.5716509
2.930805,0.007366641,0.06937149,0.07450112,0.5703498
2.963926,0.006896458,0.06768093,0.07242404,0.5693973
2.99543,0.006445573,0.06575701,0.07128279,0.5682657
3.036889,0.006139526,0.06540331,0.07150505,0.5680477
3.092031,0.005832196,0.06446676,0.07112567,0.5673594
3.127704,0.004814841,0.06305666,0.071224,0.5659874
3.162951,0.004860653,0.06059271,0.07043835,0.5646785
3.194021,0.001812693,0.06294291,0.07325175,0.562521
3.225884,0.002220975,0.06161984,0.07296877,0.5621018
3.269578,0.003643034,0.05801082,0.07174406,0.5613658
3.300983,0.003933284,0.05641518,0.0718158,0.560691
3.332232,0.004139689,0.05524382,0.07225704,0.5598995
3.365933,0.004570041,0.05329888,0.07233299,0.5592889
3.395299,0.004662303,0.05261433,0.07204924,0.5593903
3.426712,0.004720504,0.05221234,0.07220597,0.5591952
3.466429,0.004882077,0.0511766,0.07211132,0.5590643
3.497673,0.005208166,0.04940322,0.07130794,0.5593266
3.52967,0.005163602,0.04859759,0.07246983,0.5584988
3.562064,0.005922459,0.04329412,0.07396624,0.5571685
3.595725,0.006492132,0.03888604,0.0739504,0.5565933
3.628908,0.007608005,0.0345068,0.07513518,0.5553932
3.668194,0.008052675,0.03269649,0.07564232,0.554973
3.704667,0.008556769,0.03077549,0.07644708,0.5545665
3.736274,0.008669637,0.02886452,0.07660219,0.5544797
3.767425,0.009035127,0.02837863,0.07699128,0.5541871
3.797173,0.009035127,0.02837863,0.07699128,0.5541871
3.827547,0.0091351,0.02797065,0.07712556,0.5541157
3.860425,0.009401959,0.02623354,0.07739049,0.553907
3.897825,0.009582842,0.02145862,0.07725862,0.5536872
3.929577,0.01088224,0.01991954,0.07826243,0.5526183
3.959437,0.0112263,0.01799881,0.07822184,0.552246
3.987973,0.01130765,0.01644788,0.07790264,0.5520713
4.020725,0.01155758,0.01555233,0.07759917,0.5517385
4.050533,0.01201706,0.01570073,0.07808142,0.5513847
4.080602,0.0120573,0.01509325,0.077634,0.5512339
4.119364,0.01250781,0.01439812,0.07769804,0.5507867
4.154377,0.01244561,0.01427665,0.07719953,0.5507503
4.18737,0.01319919,0.01392229,0.07759015,0.5500575
4.217867,0.01368941,0.01327294,0.07766714,0.5495729
4.248467,0.01413613,0.01200648,0.07716805,0.5490311
4.280454,0.01436368,0.009444952,0.07642957,0.5487077
4.309814,0.01479947,0.008458035,0.07673187,0.5483022
4.349971,0.01507152,0.006219442,0.07687299,0.5480453
4.382547,0.01521606,0.004480666,0.07700283,0.5479164
4.413596,0.01567279,0.003807985,0.07746992,0.5475231
4.445141,0.01603273,0.002027268,0.07794331,0.5472398
4.477706,0.01604163,6.046172E-05,0.07800586,0.5472425
4.507548,0.01609809,0.0001291009,0.07807777,0.5471989
4.541188,0.01624522,-0.0009168279,0.07817816,0.5470687
4.58321,0.01652204,-0.003651538,0.07877591,0.5469152
4.614742,0.01712605,-0.007858724,0.07960982,0.546506
4.645129,0.01661564,-0.01033422,0.07976566,0.5470825
4.674936,0.01647105,-0.01135902,0.07989846,0.5472742
4.706416,0.01655683,-0.01257065,0.08025017,0.5472977
4.737316,0.0167008,-0.01425126,0.08071024,0.5473058
4.769237,0.01668655,-0.0159529,0.08059462,0.5472793
4.811797,0.01573167,-0.01835965,0.08055699,0.5482825
4.842067,0.01503481,-0.01884516,0.08020228,0.5488939
4.87584,0.01537779,-0.02061362,0.08087555,0.548789
4.907092,0.01551346,-0.02108743,0.08110274,0.5487373
4.937185,0.01397353,-0.02181842,0.07993183,0.5499257
4.969326,0.01316061,-0.02465244,0.07939912,0.5505964
5.000516,0.01229626,-0.02909579,0.07922366,0.5514519
5.040436,0.0115885,-0.03148685,0.07879791,0.5520515
5.073198,0.01146962,-0.03346799,0.07880937,0.5521815
5.106271,0.01123276,-0.03597445,0.07881096,0.5524335
5.138899,0.01131969,-0.03853429,0.07878494,0.5523319
5.17099,0.01145076,-0.04013937,0.07869257,0.552161
5.202458,0.01136085,-0.04083604,0.07853568,0.5522034
5.245349,0.01125925,-0.040798,0.0784527,0.5522832
5.277066,0.0112459,-0.04124155,0.07835063,0.5522649
5.33164,0.01130118,-0.04148115,0.0782597,0.5521792
5.361253,0.01153701,-0.04220777,0.07845759,0.5519933
5.388971,0.01183138,-0.0432096,0.07853549,0.5517092
5.419843,0.011724,-0.04533415,0.0786831,0.5518696
5.457874,0.01194271,-0.04643079,0.07914714,0.5518005
5.489265,0.01214972,-0.04749207,0.07943544,0.5516888
5.517478,0.01249091,-0.04870418,0.07986449,0.5514953
5.54607,0.01288079,-0.0499332,0.08039787,0.5513048
5.580158,0.01324884,-0.05157544,0.0807269,0.5510529
5.61036,0.01343291,-0.05187818,0.08081327,0.5508901
5.641125,0.01381443,-0.05337992,0.081062,0.5505867
5.681741,0.01383039,-0.05409045,0.08123847,0.5506566
5.712772,0.01489896,-0.05707038,0.08172438,0.5497048
5.744999,0.01486266,-0.05978883,0.08161342,0.5496898
5.775819,0.01518162,-0.06176701,0.08171409,0.5493838
5.810923,0.0152829,-0.063224,0.08161235,0.5492216
5.84355,0.01541781,-0.06433461,0.08163666,0.5490837
5.884459,0.01543623,-0.06490152,0.08166154,0.5490752
5.915777,0.01608856,-0.06667197,0.0821722,0.5485986
5.943686,0.01566517,-0.06674424,0.0818667,0.54892
5.974092,0.01567316,-0.06757786,0.08180374,0.5488806
6.006477,0.01567421,-0.0680344,0.08171577,0.5488374
6.036204,0.0157185,-0.0689186,0.08166866,0.5487663
6.069083,0.01514027,-0.06976186,0.08105453,0.549123
6.112544,0.01408504,-0.07043146,0.07997755,0.5498238
6.145166,0.01429906,-0.071711,0.07972984,0.5495059
6.177312,0.01478525,-0.07456701,0.0793301,0.5488631
6.208521,0.01476274,-0.07686681,0.07899147,0.5487871
6.239734,0.01493733,-0.07898991,0.07871488,0.548532
6.274927,0.0153782,-0.08059902,0.07869624,0.5480726
6.316939,0.01556468,-0.08140274,0.07870253,0.5478821
6.347358,0.01560052,-0.08194141,0.07858972,0.5478181
6.378722,0.01566684,-0.08190813,0.07866219,0.5477672
6.409702,0.01589032,-0.08390582,0.07858036,0.5475183
6.442862,0.0167732,-0.08602841,0.07880376,0.5466638
6.47643,0.01713568,-0.0869062,0.07891325,0.5463172
6.51449,0.01790681,-0.09072385,0.07911939,0.5455735
6.545176,0.01797714,-0.09456075,0.07917403,0.5455142
6.577836,0.01757083,-0.09488966,0.07919277,0.5459368
6.609549,0.01757083,-0.09488966,0.07919277,0.5459368
6.640872,0.01773218,-0.09588055,0.07916026,0.5457628
6.672612,0.01807972,-0.09719027,0.07933431,0.5454475
6.705478,0.01831466,-0.09791818,0.07952569,0.5452533
6.743978,0.01842556,-0.09878883,0.07947929,0.5451272
6.774765,0.01854242,-0.09987782,0.0795987,0.5450369
6.805857,0.01920283,-0.1021122,0.07981586,0.5444109
6.836133,0.01950305,-0.1029673,0.08010516,0.544177
6.866145,0.01953814,-0.1044493,0.07976945,0.544053
6.894671,0.01931353,-0.1046861,0.07950229,0.5442186
6.922618,0.01872683,-0.1053077,0.07878608,0.5446599
6.961113,0.01826434,-0.1058207,0.07842275,0.5450593
6.991375,0.01768227,-0.1064386,0.07766953,0.5455204
7.017855,0.01758779,-0.1073788,0.07778699,0.5456344
7.047082,0.01707241,-0.1091922,0.07738066,0.5460944
7.077804,0.01707241,-0.1091922,0.07738066,0.5460944
7.106606,0.01625852,-0.1084637,0.07696506,0.5468607
7.140306,0.01509936,-0.1087929,0.07603183,0.547936
7.181918,0.01383788,-0.1098752,0.07564981,0.5491774
7.214052,0.01310893,-0.1104868,0.07486699,0.5498918
7.244817,0.01271211,-0.1109746,0.07470927,0.5502912
7.276862,0.01223627,-0.1109795,0.0743514,0.550781
7.311428,0.01199995,-0.111928,0.073858,0.5510545
7.345159,0.01143747,-0.1140133,0.07326955,0.5516942
7.389073,0.01106725,-0.1153305,0.07283223,0.5521472
7.420629,0.01129356,-0.1170436,0.07241619,0.552006
7.450487,0.0113258,-0.1177011,0.07236642,0.5519847
7.485013,0.01144334,-0.118322,0.07248599,0.5518363
7.515102,0.01171251,-0.1201668,0.07294294,0.5514696
7.560585,0.01109991,-0.1256028,0.07307307,0.5520687
New Try
1.314807,0.01884379,0.1403148,0.06108877,0.5757109
1.342056,0.01943281,0.1388929,0.06054432,0.5759872
1.374313,0.01948977,0.1376562,0.06044895,0.5759661
1.40668,0.01935475,0.136398,0.06054132,0.5758668
1.453305,0.01970173,0.1345021,0.06020441,0.5760096
1.486328,0.01998593,0.1335813,0.05995055,0.5761511
1.518347,0.01994265,0.1330125,0.05997247,0.5761104
1.569192,0.02045287,0.131826,0.05950283,0.5763476
1.602813,0.02051934,0.1311211,0.05950075,0.5764468
1.632443,0.02112438,0.1277231,0.05918711,0.5770069
1.674146,0.02112017,0.1231397,0.06009939,0.5779678
1.706742,0.02097286,0.1198607,0.06118517,0.5787801
1.7379,0.02113311,0.1178179,0.06166813,0.5793973
1.771893,0.02093917,0.1160832,0.06253704,0.5798263
1.799782,0.02130217,0.1131127,0.06383625,0.5811426
1.828881,0.02178242,0.1126783,0.06418122,0.5819058
1.858008,0.02122588,0.110608,0.06547901,0.5819708
1.898442,0.02129574,0.1088564,0.06611434,0.5823534
1.929945,0.02143439,0.1089376,0.06598018,0.5824442
1.95873,0.02134193,0.1085913,0.06605671,0.5823777
1.991536,0.02118402,0.1066278,0.06667927,0.5824815
2.024325,0.02131438,0.1047654,0.06728677,0.5828698
2.056364,0.0208956,0.0996038,0.069103,0.5830463
2.0873,0.02099718,0.09773633,0.06957049,0.5832831
2.127967,0.02082932,0.09563512,0.06980719,0.5831717
2.159907,0.02089251,0.09430552,0.0698024,0.5832357
2.191915,0.02081817,0.09197775,0.06984579,0.5831701
2.224003,0.02108872,0.089354,0.06973358,0.5834206
2.25452,0.02184711,0.08604515,0.06951343,0.584147
2.288723,0.02333928,0.07810646,0.06832333,0.5853639
2.330706,0.02324266,0.08086935,0.06880029,0.5854006
2.365123,0.02362945,0.07560019,0.06834893,0.5856741
2.398121,0.0242706,0.06997681,0.06786167,0.5861971
2.431994,0.02467112,0.06577268,0.06733899,0.5864515
2.466743,0.02559336,0.06039954,0.06603618,0.5869723
2.496916,0.02575161,0.05815438,0.06566481,0.587
2.538969,0.02637962,0.0520272,0.06409126,0.5870184
2.572363,0.02682666,0.04874359,0.06320285,0.5870935
2.603807,0.02728475,0.04611415,0.06250617,0.5872562
2.638067,0.02788441,0.04345173,0.06170474,0.5875108
2.670421,0.0282024,0.04225626,0.06128341,0.5876421
2.701579,0.02846908,0.04179969,0.06092948,0.5877489
2.74434,0.0290371,0.03746489,0.05963688,0.58764
2.774996,0.02985699,0.03292499,0.0582108,0.5876893
2.808558,0.03075477,0.02930921,0.05682069,0.5878066
2.838827,0.03172865,0.02578956,0.05534802,0.58791
2.871556,0.03314773,0.02154342,0.05281146,0.587626
2.905986,0.03408597,0.01985096,0.05143934,0.5876323
2.946845,0.03424129,0.01797493,0.05073807,0.5871625
2.977493,0.0349254,0.01445862,0.04976991,0.5871501
3.011589,0.0353866,0.01295902,0.04907995,0.5870907
3.040456,0.0353866,0.01295902,0.04907995,0.5870907
3.071006,0.03453198,0.01196597,0.04962826,0.5864251
3.099442,0.03562698,0.00741228,0.04816289,0.5864319
3.129853,0.0334843,0.006003691,0.05007989,0.5853649
3.171877,0.03113555,0.00012496,0.05152384,0.5834522
3.200392,0.03050737,-0.002851607,0.05192908,0.5829608
3.232352,0.02955683,-0.006115149,0.05276231,0.5824703
3.263544,0.02857079,-0.00954022,0.05365266,0.581989
3.295118,0.027662,-0.01448175,0.05468224,0.5817717
3.328435,0.02734494,-0.01512321,0.05541441,0.5820827
3.358804,0.02672198,-0.01871082,0.05656618,0.5823458
3.398236,0.02650623,-0.01977575,0.05681698,0.5822862
3.431405,0.0262762,-0.02083615,0.05708581,0.5822229
3.463679,0.02635991,-0.02041358,0.05707282,0.5823252
3.49445,0.02548792,-0.0233192,0.05808565,0.5820667
3.5276,0.02207418,-0.03012924,0.06153355,0.5804907
3.558963,0.01807423,-0.03695567,0.06554987,0.5784069
3.600178,0.01120262,-0.0435522,0.07142648,0.5736174
3.633062,0.0107271,-0.04760291,0.0727424,0.5734869
3.666691,0.009497317,-0.05088443,0.07412446,0.5724569
3.701701,0.008838388,-0.05495731,0.07494814,0.5718383
3.733629,0.00831693,-0.05718727,0.07539686,0.5713075
3.78735,0.008003991,-0.05819374,0.07572347,0.5709713
3.825348,0.007519791,-0.06185228,0.07621809,0.5704205
3.856641,0.00616349,-0.06792255,0.07681714,0.5688896
3.889191,0.004545477,-0.08243418,0.07785928,0.5665336
3.922504,0.004238081,-0.08649012,0.07798754,0.566006
3.95631,0.003246683,-0.0981705,0.07824176,0.5631788
3.991329,0.003633661,-0.1110484,0.07807323,0.5610613
4.031843,0.005390959,-0.1285149,0.0769279,0.5579656
4.065516,0.004527037,-0.1266371,0.07685023,0.5588683
New Try
4.354015,0.04822427,-0.1177983,0.02708616,0.557537
New Try
1.607151,0.01661915,0.1385893,0.07129945,0.5792019
1.634705,0.01705509,0.1362261,0.07066486,0.579495
1.672397,0.01725688,0.1356226,0.07051337,0.5796635
1.699193,0.01684925,0.1356426,0.07115635,0.579405
1.726194,0.01677989,0.1346911,0.07145595,0.5794014
1.755857,0.01684885,0.1343603,0.07147442,0.5794759
1.787238,0.01700464,0.1345355,0.0712954,0.5795962
1.822449,0.01804025,0.1323539,0.07069498,0.5805191
1.85187,0.01774883,0.1319645,0.07126693,0.5803518
1.881463,0.01851873,0.1297476,0.07098617,0.5810785
1.90752,0.01893859,0.1287176,0.07083926,0.5814759
1.938235,0.01978503,0.1271136,0.07001162,0.5821459
1.967865,0.01956172,0.1264061,0.07025384,0.5819772
1.997648,0.0197612,0.1255857,0.06982047,0.5820704
2.033827,0.02031353,0.1246321,0.06877506,0.5823362
2.065948,0.0206401,0.1241997,0.06808163,0.5824461
2.093467,0.02075596,0.1240066,0.06775143,0.5824491
2.123025,0.02085518,0.1239531,0.06755946,0.5824828
2.1513,0.02102866,0.1237855,0.06721049,0.5825328
2.179252,0.02089539,0.1237877,0.06736498,0.5824506
2.206072,0.02087286,0.1237941,0.06729516,0.5823988
2.241797,0.02115213,0.1229932,0.06680589,0.5825005
2.272087,0.02055304,0.1223959,0.06746044,0.5821202
2.298607,0.02095751,0.1206548,0.0672092,0.5824556
2.331197,0.02100298,0.1198068,0.06726879,0.5825283
2.358614,0.02114801,0.1184867,0.06712858,0.5826285
2.38627,0.02106236,0.1182266,0.06742232,0.582652
2.426738,0.02157602,0.1173443,0.06676165,0.5829413
2.464301,0.02280388,0.1163766,0.06496666,0.583478
2.492447,0.02244215,0.116419,0.06536213,0.5832673
2.522419,0.02236668,0.1167809,0.06549677,0.5832474
2.547769,0.02237356,0.1170049,0.06545504,0.5832354
2.575676,0.02320766,0.1162293,0.06332712,0.5830584
2.607208,0.02343176,0.1159195,0.06239903,0.5827551
2.635363,0.02406221,0.1165273,0.06121909,0.582725
2.679099,0.02398168,0.1183242,0.06102926,0.5824921
2.705801,0.02330729,0.1190681,0.06144687,0.5819616
2.734415,0.02264261,0.1207339,0.06198617,0.5815291
2.761231,0.02231272,0.1209619,0.06232777,0.581365
2.788576,0.02214118,0.1212336,0.06236552,0.5811825
2.816834,0.02176529,0.1227358,0.06248414,0.5808068
2.842501,0.02141513,0.123783,0.06279126,0.5805942
2.880997,0.02124669,0.1248815,0.062895,0.5804611
2.904602,0.02117286,0.1259391,0.06235553,0.5799826
2.938652,0.02123034,0.1281933,0.06170261,0.5795501
2.967037,0.0218249,0.1312333,0.0598775,0.5787365
2.993927,0.02261847,0.132142,0.05859296,0.5785694
3.022757,0.02325685,0.1328193,0.05773604,0.5785832
3.052953,0.02363449,0.1335622,0.05720505,0.5785541
3.098541,0.02375959,0.1334886,0.05705086,0.5785675
3.129303,0.02380091,0.1335599,0.05691785,0.5784764
3.158147,0.02465107,0.1328379,0.0559068,0.5785925
3.190976,0.02509837,0.1315379,0.05525904,0.5784991
3.290976,0.02412999,0.1314592,0.05602919,0.5779119
3.327706,0.02446746,0.1288486,0.05562057,0.5779364
3.358077,0.02557895,0.1263404,0.05461851,0.5784557
3.384432,0.02586191,0.1249491,0.05432182,0.5785323
3.417087,0.02582432,0.1247905,0.05434632,0.5785023
3.444935,0.02623696,0.1223657,0.05409129,0.5788494
3.471063,0.02699542,0.1200978,0.05353431,0.57937
3.49991,0.02846828,0.11411,0.05297267,0.5810344
3.534167,0.02921998,0.1116284,0.05288163,0.5820941
3.56507,0.02899387,0.1090723,0.05354229,0.582499
3.594128,0.02899387,0.1090723,0.05354229,0.582499
3.621689,0.02899248,0.1081694,0.05366923,0.5826358
3.647821,0.02826507,0.1069858,0.05423048,0.5821714
3.677502,0.02745,0.105123,0.05500294,0.5818048
3.704601,0.02742919,0.1015026,0.05544578,0.5822352
3.738633,0.02708967,0.09808946,0.05635302,0.5826505
3.765992,0.02792123,0.09685264,0.05669008,0.5840794
3.794682,0.0271781,0.0940071,0.0583594,0.5844882
3.82294,0.02804587,0.09450369,0.05866873,0.5858005
3.851942,0.02736982,0.09250041,0.05928678,0.5854099
3.885159,0.02686918,0.09087762,0.06000496,0.5852958
3.912968,0.02625291,0.08907218,0.061362,0.5854326
3.953635,0.02720263,0.09005634,0.06098626,0.5863152
3.978656,0.02709409,0.08954923,0.06127819,0.5863624
4.008825,0.0268652,0.08823268,0.06216543,0.5866011
4.034267,0.02681495,0.08797071,0.06245287,0.5866984
4.060538,0.02633931,0.0869447,0.06306035,0.5864778
4.088657,0.02676093,0.08445276,0.06429818,0.5875279
4.120605,0.02700374,0.07972902,0.06460539,0.587923
4.157984,0.02715068,0.0778522,0.06505574,0.588264
4.191706,0.02757668,0.07482553,0.06498118,0.5886924
4.220844,0.02782611,0.07315943,0.0648857,0.5889229
4.247416,0.02823228,0.07054351,0.06464668,0.5892654
4.281424,0.02825411,0.068,0.06486318,0.5893731
4.307111,0.02841905,0.06606606,0.06483601,0.5895393
4.33937,0.02840814,0.0660459,0.06484395,0.5895307
4.373428,0.0286315,0.06414147,0.06479082,0.5897495
4.402877,0.02958629,0.05860112,0.06427343,0.5905734
4.432091,0.03015831,0.05605351,0.06405672,0.5911028
4.459926,0.03029867,0.05330285,0.06365142,0.5910931
4.489428,0.03112877,0.05014312,0.06214842,0.591352
4.531874,0.03190574,0.04783132,0.06106527,0.5917019
4.559635,0.03226674,0.04667074,0.06033137,0.5917398
4.602666,0.03309583,0.04449506,0.05894658,0.5919417
4.632721,0.0342711,0.04266204,0.05736649,0.5923865
4.668931,0.03529652,0.04081052,0.0558426,0.5926452
4.699815,0.03529652,0.04081052,0.0558426,0.5926452
4.729642,0.03541454,0.04033229,0.05571046,0.5927002
4.761498,0.0357115,0.03992291,0.05536781,0.592831
4.799593,0.03607041,0.03891063,0.05494653,0.5929822
4.829826,0.03667269,0.03476686,0.0546924,0.5935367
4.863134,0.03624975,0.03293588,0.05590317,0.5938116
4.89304,0.0349167,0.03028418,0.05765009,0.5933011
4.924547,0.03533817,0.02878158,0.05796972,0.5939638
4.956119,0.03463067,0.02710726,0.05934659,0.593891
4.987255,0.03323578,0.02538334,0.0606005,0.5929545
5.026927,0.03247561,0.02233886,0.06200258,0.5927613
5.059097,0.03278613,0.02290705,0.06181296,0.5930172
5.097056,0.0326992,0.02247083,0.0620726,0.5930353
5.129189,0.03133596,0.02062245,0.06334228,0.5920868
5.158237,0.0295324,0.01826172,0.06539238,0.5909259
5.192473,0.02873713,0.01454432,0.06835714,0.5909588
5.237279,0.0309623,0.01450357,0.06803335,0.5931684
5.271189,0.0306513,0.01339805,0.06912228,0.5930825
5.304295,0.03134404,0.01306866,0.0688002,0.5937248
5.336808,0.03134404,0.01306866,0.0688002,0.5937248
5.369115,0.03082829,0.01223399,0.06955851,0.5933443
5.403078,0.03062524,0.01130002,0.07034764,0.5932698
5.444881,0.03058818,0.01195768,0.07061342,0.593272
5.47395,0.03041978,0.01140188,0.07110253,0.5931691
5.504786,0.03028297,0.01112397,0.07162402,0.5930942
5.535681,0.02983548,0.0105849,0.07231689,0.5927146
5.567079,0.02834149,0.009572739,0.07392651,0.5913212
5.597235,0.02714487,0.0088941,0.07578266,0.5901336
5.629295,0.0266614,0.008963943,0.0759617,0.5896441
5.669536,0.02639968,0.009113388,0.07642872,0.589361
5.706146,0.02651198,0.008711684,0.07569565,0.5895029
5.739734,0.0263953,0.008056478,0.07477067,0.5893943
5.771814,0.0261393,0.006996684,0.07434749,0.5891312
5.804348,0.02617957,0.006815773,0.07410224,0.5891642
5.835603,0.02602577,0.006468087,0.07406975,0.5890092
5.879828,0.02517296,0.004711006,0.07281002,0.5880775
5.910025,0.02356333,0.004056291,0.07371741,0.5865284
5.94092,0.02282272,0.00618453,0.07439253,0.5858147
5.971035,0.02249371,0.005577259,0.07461998,0.5854905
6.005087,0.02211427,0.007830657,0.07480203,0.5851134
6.036368,0.02252025,0.009775825,0.07468051,0.585518
6.075867,0.02220629,0.01319734,0.07506867,0.5852062
6.108195,0.02052753,0.01438425,0.07545,0.5835226
6.140266,0.0198983,0.01501382,0.07588588,0.5828786
6.171879,0.01951869,0.01534707,0.0761685,0.5824837
6.203814,0.01948087,0.0170938,0.07602397,0.582454
6.237203,0.01806372,0.01658951,0.07669365,0.5809842
6.281348,0.01470233,0.01712124,0.07892776,0.577168
6.318604,0.0128189,0.01830521,0.07906103,0.5751587
6.351863,0.01184337,0.01863029,0.07963533,0.5738986
6.383863,0.01094936,0.01907696,0.07981187,0.5728354
6.418379,0.01011709,0.02094775,0.07953985,0.5720413
6.45115,0.009968881,0.02206,0.07995415,0.5716507
6.490851,0.009041398,0.02358091,0.07983434,0.5706404
6.523252,0.008796551,0.02382333,0.07975008,0.5704038
6.554987,0.008337277,0.02408174,0.07951567,0.5700085
6.58742,0.008223575,0.0246364,0.07936556,0.5699692
6.620708,0.008012274,0.02564355,0.07892274,0.5699863
6.652198,0.006392212,0.02596519,0.07482214,0.5693898
6.694948,0.003468295,0.02101199,0.07777262,0.5650837
6.730185,0.002500173,0.01845222,0.07695104,0.5645635
6.759746,0.001808775,0.01626095,0.07597398,0.5645242
6.797346,0.00120724,0.01245617,0.07467749,0.5641634
6.843929,0.001271215,0.01050966,0.07411138,0.5639091
6.877972,0.00215916,0.008559707,0.07309953,0.5640248
6.919051,0.001881086,0.008787101,0.07335209,0.5639071
6.954299,0.002082317,0.007627354,0.07310034,0.5638528
6.987413,0.002216138,0.005195088,0.07283074,0.5634534
7.01865,0.00272752,0.001164066,0.07232141,0.5635144
7.051398,0.002950629,-0.0007152617,0.07209354,0.5635086
7.083846,0.002537497,-0.001713052,0.07246251,0.5629985
7.122843,0.002620036,-0.003501613,0.07242278,0.5625283
7.156925,0.002503291,-0.00577864,0.07273797,0.5619278
7.188975,0.002503026,-0.007109604,0.07309598,0.5613753
7.219348,0.002486368,-0.008325288,0.07344802,0.5610575
7.254935,0.002475029,-0.008940233,0.07362799,0.5609401
7.285644,0.002396997,-0.009492597,0.07383805,0.5609035
7.328699,0.002436271,-0.01023898,0.07403146,0.5607646
7.360023,0.002034923,-0.0139413,0.07508991,0.5609671
7.39468,0.002745871,-0.01766728,0.07633424,0.5606001
7.428054,0.004151263,-0.02332756,0.07822121,0.5603815
7.459431,0.005044147,-0.0257789,0.0792361,0.5602616
7.493186,0.006025468,-0.02681398,0.08004488,0.5597053
7.536781,0.007418858,-0.02873447,0.08107378,0.5587399
7.571228,0.008419491,-0.03092478,0.08159237,0.5577628
7.60696,0.009268578,-0.03428007,0.08198984,0.5569133
7.644872,0.009694931,-0.03682183,0.08214744,0.5564498
7.672352,0.009680897,-0.03701952,0.08217894,0.5565052
7.705976,0.0100221,-0.0387678,0.08241615,0.5562589
7.746858,0.01147365,-0.04364696,0.08266122,0.5544589
7.781584,0.01378158,-0.0468,0.08409265,0.5526436
7.815145,0.01407045,-0.04910992,0.08386846,0.5520763
7.845013,0.01470915,-0.05246673,0.08343923,0.5509527
7.877726,0.01447231,-0.05313804,0.08301831,0.550952
7.90615,0.01503202,-0.05313034,0.08340753,0.5505391
7.945905,0.01610267,-0.0582026,0.08230667,0.5486505
7.977983,0.01655873,-0.06142547,0.08131202,0.5476915
8.007566,0.01657897,-0.06248612,0.08092216,0.5475149
8.039067,0.01657897,-0.06248612,0.08092216,0.5475149
8.068351,0.01682629,-0.06397999,0.08070981,0.5471721
8.102084,0.01719295,-0.06799322,0.08025999,0.5466315
8.140633,0.02098519,-0.07675022,0.08032491,0.5427017
8.186859,0.02509679,-0.08269229,0.08263628,0.5390932
8.219906,0.02656829,-0.08637884,0.08335517,0.5377797
8.252952,0.02786556,-0.08876449,0.0841005,0.5366624
8.285959,0.02817373,-0.09176378,0.08392728,0.5362781
8.321869,0.02836148,-0.09335434,0.08416127,0.5361589
8.353652,0.02860225,-0.09473122,0.08440037,0.5359867
8.400399,0.02875899,-0.09540052,0.08453193,0.5358666
8.436706,0.0295883,-0.09787723,0.08483681,0.5350947
8.477451,0.03101944,-0.103132,0.08575789,0.5339058
8.513062,0.03113182,-0.1054052,0.08568341,0.5337587
8.541752,0.03130243,-0.1063757,0.08555022,0.5335291
8.573014,0.03152582,-0.1080314,0.08517026,0.5331597
8.618872,0.03223935,-0.1129013,0.08474916,0.5322701
New Try
0.3794264,0.005273812,0.1400315,0.07387001,0.5578487
0.4088403,0.00597807,0.1366755,0.07470965,0.557029
0.4421978,0.006267144,0.1336943,0.07506821,0.5567333
0.4740279,0.006567678,0.132689,0.07520437,0.5564355
0.502462,0.006738024,0.1309824,0.07474768,0.5562667
0.5331192,0.006937075,0.1294329,0.07467754,0.5560704
0.5595093,0.007000898,0.1282702,0.07470607,0.5560053
0.5915943,0.007194421,0.1279934,0.07496597,0.5558057
0.6225585,0.007107029,0.1276636,0.0748726,0.5558941
0.6585228,0.00716951,0.1252138,0.07571248,0.555866
0.6866416,0.007759253,0.1209424,0.07704807,0.5555159
0.7166625,0.008102416,0.1207059,0.07740301,0.5552621
0.7436184,0.007949894,0.1200974,0.07733583,0.555401
0.7735791,0.007381086,0.1182206,0.07724372,0.5559682
0.8044539,0.006687435,0.1148246,0.07709227,0.5566483
0.8357915,0.006837326,0.1127083,0.07758486,0.5566701
0.8816604,0.006515736,0.110076,0.07780322,0.5571181
0.9062499,0.006961449,0.1090215,0.07843483,0.556945
0.9361607,0.007191625,0.108661,0.07881942,0.5569065
0.9642649,0.007167931,0.1081934,0.07892331,0.5570011
0.9926515,0.007192501,0.1078009,0.07905381,0.5570588
1.021393,0.00711515,0.1069549,0.07912266,0.557201
1.052053,0.006974302,0.1057661,0.07914822,0.5573935
1.08813,0.00643614,0.1031734,0.07915017,0.5580807
1.126642,0.005143491,0.09830353,0.07837899,0.5591221
1.154547,0.006211998,0.09983175,0.07963745,0.5588669
1.180264,0.006466547,0.09911956,0.08004784,0.5589583
1.216473,0.006592053,0.0967847,0.08035388,0.5591541
1.243877,0.006171583,0.09537597,0.08023536,0.5597321
1.272897,0.00670514,0.0943094,0.08077808,0.5595981
1.307038,0.006492049,0.09332952,0.08066842,0.5598353
1.334863,0.006605593,0.09276708,0.08080123,0.559841
1.364099,0.007067366,0.09263217,0.08117988,0.5595712
1.392784,0.007572242,0.09158392,0.0815926,0.5592749
1.42338,0.007286861,0.08920528,0.08135263,0.5594304
1.454324,0.008014292,0.0833587,0.08203533,0.5591617
1.482683,0.007961625,0.07485569,0.08180427,0.5588661
1.515673,0.007208801,0.07250772,0.08125971,0.5594247
1.545664,0.006665657,0.07088708,0.08067857,0.5595093
1.574351,0.005296923,0.06774808,0.07925278,0.5598423
1.602285,0.005059932,0.06662566,0.0788985,0.5597744
1.63184,0.004200549,0.06415413,0.07775985,0.5598333
1.655711,0.003892933,0.06192238,0.0772241,0.559805
1.684475,0.003808032,0.06114623,0.07706305,0.5597993
1.721783,0.003808032,0.06114623,0.07706305,0.5597993
1.750907,0.00327903,0.05935057,0.0762171,0.5599552
1.780878,0.003676604,0.05655569,0.07597168,0.5594541
1.815917,0.003704901,0.04921583,0.07330357,0.5597063
1.845773,0.004164869,0.04680612,0.07262094,0.5595815
1.879592,0.004442568,0.04529515,0.07251518,0.5593174
1.913848,0.004735831,0.0436768,0.07320476,0.5586177
1.956537,0.005042359,0.04122722,0.07305274,0.5583488
1.988758,0.005254461,0.03964053,0.07310938,0.5580975
2.033237,0.005499338,0.03865342,0.07335175,0.5577535
2.062864,0.005632736,0.03783232,0.073307,0.5576277
2.09206,0.005726098,0.03711374,0.07318906,0.5575678
2.123071,0.005784883,0.03598781,0.07292845,0.5575988
2.159367,0.007037654,0.02721672,0.07058417,0.5575202
2.191807,0.006885312,0.02373148,0.07155816,0.5570367
2.224412,0.006706226,0.02088839,0.07224166,0.5568873
2.256128,0.006761995,0.01914618,0.07327344,0.5564622
2.287739,0.006526318,0.01654566,0.07398836,0.5565526
2.318936,0.005750986,0.01470835,0.07397117,0.5573418
2.34968,0.00537906,0.01259748,0.07448248,0.5576459
2.391765,0.005196129,0.01055452,0.07457393,0.5578214
2.423099,0.005168448,0.009982046,0.07471692,0.5578393
2.451507,0.005168448,0.009982046,0.07471692,0.5578393
2.481624,0.005170672,0.008758164,0.07489043,0.5578305
2.508611,0.005317641,0.006992025,0.07541203,0.5576984
2.536221,0.004879781,0.004926608,0.07565247,0.5581641
2.564143,0.005309833,0.001349673,0.07655296,0.5579224
2.597868,0.006351222,-0.00220148,0.0777602,0.5572799
2.622642,0.006521781,-0.003397851,0.07780301,0.5571113
2.649591,0.006562882,-0.003222272,0.077888,0.5571067
2.678798,0.006702125,-0.005451106,0.07801262,0.5570132
2.706072,0.005592979,-0.01008943,0.07750855,0.5580012
2.735571,0.005719635,-0.01170971,0.07757107,0.5578908
2.762495,0.007100918,-0.01393763,0.07893021,0.5570859
2.79206,0.007117748,-0.01499603,0.07892118,0.5570598
2.824925,0.007275636,-0.01469218,0.07912754,0.5570085
2.853546,0.008172135,-0.01751097,0.0796267,0.5562637
2.881529,0.00861806,-0.0196827,0.07981475,0.5558524
2.904583,0.00875512,-0.02341392,0.07969343,0.5556092
2.937961,0.008156598,-0.0271218,0.07860111,0.5556814
2.971291,0.007947878,-0.02967241,0.07794134,0.5556164
3.005094,0.007883132,-0.03131257,0.07764888,0.5555753
3.04133,0.007928803,-0.03242133,0.07745245,0.55546
3.069071,0.007830952,-0.03464206,0.07689161,0.555401
3.097711,0.007593765,-0.03785942,0.07563502,0.5554329
3.123815,0.00756785,-0.03843302,0.07558389,0.5554547
3.153234,0.007575056,-0.03906092,0.07540229,0.5554357
3.179824,0.007575056,-0.03906092,0.07540229,0.5554357
3.203773,0.007551785,-0.04030915,0.07507893,0.5554487
3.236382,0.00777087,-0.04607493,0.07387619,0.5553108
3.273363,0.007565979,-0.04627277,0.07360411,0.5555639
3.304666,0.007992038,-0.04721172,0.07403936,0.5550659
3.336428,0.008857972,-0.049218,0.07473783,0.5541459
3.36668,0.009304601,-0.0516449,0.07513853,0.5536965
3.396742,0.009285841,-0.0530428,0.07521958,0.5537168
3.424569,0.009596112,-0.05579183,0.07573042,0.5534317
3.454393,0.008781377,-0.05654485,0.07578846,0.5542541
3.497358,0.009342666,-0.05909464,0.07661306,0.5537977
3.527798,0.01016863,-0.05936203,0.07734347,0.5531051
3.555934,0.01024965,-0.05986912,0.07741898,0.5530399
3.589768,0.01073105,-0.06067076,0.07815714,0.5527439
3.619545,0.0116043,-0.06289399,0.07866908,0.551991
3.649586,0.01215346,-0.06555134,0.07891805,0.5514954
3.682549,0.01232005,-0.06688648,0.07906088,0.5513685
3.719751,0.01245247,-0.0681432,0.07924693,0.5512941
3.753595,0.01258182,-0.06942414,0.07927541,0.5511669
3.783283,0.01258374,-0.07168724,0.07920115,0.5511383
3.815162,0.01257345,-0.07278007,0.07929657,0.5511835
3.848871,0.01247382,-0.07501503,0.07925139,0.551273
3.879057,0.0124763,-0.07471485,0.07935763,0.5513095
3.906188,0.01279392,-0.07496382,0.07955416,0.5510441
3.948302,0.01289399,-0.07540783,0.07965311,0.5509749
3.980152,0.01325841,-0.07614216,0.07996508,0.5507064
4.014596,0.01402314,-0.07822615,0.08054266,0.5501187
4.045377,0.01534672,-0.08061801,0.08178351,0.5492339
4.078723,0.01615176,-0.08636072,0.08188424,0.5483888
4.111975,0.01717293,-0.08761401,0.08253594,0.5475689
4.165917,0.01688039,-0.08861763,0.08218384,0.5477245
4.200617,0.01643815,-0.08958592,0.08175299,0.548013
4.230567,0.01628023,-0.09134869,0.080941,0.5478425
4.258131,0.01624118,-0.09118173,0.08097038,0.547896
4.290463,0.01612164,-0.0908392,0.08098637,0.548031
4.321001,0.01599159,-0.09064858,0.08094003,0.5481526
4.359009,0.01553816,-0.0912918,0.08024354,0.5483733
4.39232,0.01521621,-0.0941477,0.07843208,0.5481759
4.425236,0.01432242,-0.09336461,0.07776594,0.5489472
4.457839,0.01316876,-0.094087,0.07635127,0.5499008
4.490151,0.0122986,-0.09324445,0.07576288,0.5507251
4.524368,0.01156639,-0.09263565,0.07521601,0.5514356
4.562926,0.011473,-0.09280754,0.07505213,0.5515271
4.593169,0.01139262,-0.09392998,0.07461288,0.551614
4.623762,0.0114915,-0.09456811,0.07450857,0.551519
4.656351,0.01124836,-0.09386615,0.07456809,0.55176
4.685607,0.01117147,-0.09389196,0.07452261,0.5518388
4.719493,0.01123093,-0.09594113,0.0738679,0.5518263
4.749727,0.01134294,-0.09914662,0.07350779,0.5517557
4.794672,0.01246986,-0.1036727,0.07438386,0.5505454
4.826533,0.01228924,-0.1052231,0.07443728,0.5507237
4.860486,0.01259813,-0.1064632,0.07486827,0.5504026
4.890675,0.0133095,-0.1090102,0.07506048,0.5496907
4.922134,0.01398502,-0.1116379,0.07550275,0.549024
4.952885,0.01482105,-0.1152028,0.07615324,0.5482239
4.99399,0.01512835,-0.1156802,0.07658424,0.5479549
5.026886,0.01540547,-0.1168849,0.07667749,0.5476862
5.058775,0.01673055,-0.1195902,0.07771774,0.5464917
New Try
5.623744,0.04442051,-0.0903648,0.06599922,0.519501
5.623744,0.04238557,-0.07565229,0.0694947,0.5209735
5.623744,0.03955305,-0.05209314,0.07344352,0.5234776
5.623744,0.03850482,-0.03164854,0.07662226,0.5245294
5.623744,0.03907115,-0.01112236,0.08057323,0.5243284
5.623744,0.04005973,0.003069999,0.08336499,0.5238234
5.623744,0.04028679,0.002697445,0.08346593,0.5236128
5.623744,0.04085323,0.009652611,0.08474311,0.5233256
5.623744,0.04500693,0.03400307,0.08999718,0.5205653
5.623744,0.05313074,0.08394857,0.09626605,0.5143109
5.623744,0.05623715,0.1029125,0.09677426,0.5111493
5.623744,0.05868763,0.1152994,0.09689268,0.5085487
New Try
0.5097318,0.02325002,0.1364258,0.077393,0.5398735
0.5381416,0.02215715,0.136538,0.07724749,0.5409572
0.5663534,0.02179196,0.1352615,0.07705516,0.5413052
0.5927373,0.0217141,0.1353613,0.07696588,0.5413751
0.6211318,0.02075461,0.1324656,0.07626221,0.5422838
0.6501287,0.01959831,0.1296292,0.07573149,0.5434154
0.6804971,0.01604958,0.1189452,0.07395605,0.5469844
0.7287776,0.01491291,0.1160618,0.07340502,0.5481727
0.7604564,0.01427578,0.1164143,0.07295021,0.5488722
0.7922024,0.01350967,0.1157232,0.07221126,0.5497813
0.824699,0.01292064,0.1153452,0.07115091,0.550666
0.8546767,0.01271774,0.1155628,0.07057237,0.5510779
0.8938929,0.01221737,0.1156789,0.07035006,0.5517021
0.9249005,0.01211798,0.1157154,0.07013101,0.5519032
0.9538887,0.01215427,0.1156436,0.06995976,0.5519401
0.9880912,0.0119555,0.1162793,0.06950016,0.5523847
1.016949,0.01180219,0.1164294,0.0702899,0.5521784
1.046351,0.01196578,0.1161521,0.07127208,0.5516298
1.075936,0.01174514,0.1152667,0.07208094,0.5516234
1.116371,0.01174514,0.1152667,0.07208094,0.5516234
1.150365,0.01159784,0.1133087,0.0730819,0.5515619
1.190219,0.01177483,0.111366,0.0751624,0.5512263
1.240786,0.01210359,0.1092168,0.07692456,0.5510504
1.275647,0.01263561,0.107541,0.07775768,0.550669
1.303951,0.01277784,0.1073957,0.07789576,0.5505546
1.338292,0.01292734,0.1063789,0.07816622,0.5504664
1.365807,0.01367762,0.1048733,0.07898226,0.549915
1.396623,0.01466572,0.1009082,0.07994506,0.5491931
1.424262,0.01476924,0.09836362,0.08025069,0.5491956
1.451375,0.01451233,0.09415869,0.08018144,0.5494442
1.479175,0.01399215,0.09148571,0.08014805,0.5499893
1.509898,0.01345374,0.08985933,0.07992844,0.5504815
1.553928,0.01221979,0.08501679,0.07958052,0.5516712
1.591642,0.0115982,0.08406953,0.07929704,0.5522272
1.620689,0.01088814,0.08251393,0.07899897,0.5528728
1.653313,0.01043794,0.08097806,0.0787304,0.5532514
1.681295,0.009916294,0.08026838,0.0785733,0.5537499
1.713103,0.009821316,0.07999479,0.0784512,0.5538051
1.751266,0.009506437,0.07937942,0.07827099,0.554074
1.781169,0.008511268,0.0776307,0.07782979,0.5549729
1.811473,0.007114764,0.07585028,0.07720239,0.5562347
1.842945,0.00515566,0.07374527,0.07538109,0.5578585
1.875131,0.004671957,0.07164451,0.07466444,0.5583401
1.904729,0.0045732,0.07098045,0.07460512,0.5584439
1.932598,0.004551413,0.07034305,0.07464621,0.5584624
1.972917,0.004597025,0.06893705,0.07481678,0.5584067
2.001888,0.004288485,0.06770819,0.07468624,0.558723
2.031873,0.004288878,0.06742015,0.07475822,0.558718
2.061059,0.004211947,0.06684446,0.07462827,0.5588045
2.090988,0.00394239,0.0653203,0.07425296,0.5591291
2.122901,0.003796879,0.06479844,0.07425686,0.5592766
2.154852,0.003736374,0.06045926,0.07374266,0.5594816
2.196991,0.003097621,0.05622865,0.07315288,0.5605134
2.224943,0.002880531,0.05603125,0.07371176,0.5604236
2.257462,0.003396022,0.05550199,0.07521453,0.5596108
2.286529,0.003860289,0.05434551,0.07598705,0.5592681
2.321854,0.003943077,0.05250481,0.07634653,0.559294
2.353455,0.004078462,0.05078525,0.07652513,0.5592175
2.38301,0.004078462,0.05078525,0.07652513,0.5592175
2.421341,0.004061269,0.05017759,0.07647105,0.5592145
2.451631,0.004009808,0.04958998,0.07639822,0.5592419
2.48075,0.003919466,0.0479517,0.07633018,0.5593132
2.513255,0.003755857,0.04497527,0.07574992,0.5593198
2.542197,0.003118044,0.03799032,0.07423284,0.5599778
2.574202,0.003104305,0.03710716,0.07404099,0.5600476
2.607947,0.003333407,0.03336279,0.07318524,0.5602039
2.646948,0.00374727,0.02934997,0.07241833,0.560284
2.682236,0.004069149,0.02606831,0.07182033,0.5604608
2.711499,0.004173367,0.02465642,0.07175214,0.5603793
2.740752,0.004257574,0.0232806,0.0716527,0.560369
2.773823,0.004245751,0.02313693,0.07174987,0.5602682
2.807908,0.004217283,0.02201078,0.07178908,0.5602659
2.840837,0.00432938,0.02023282,0.07170397,0.5601929
2.892485,0.005416746,0.01198857,0.07035703,0.56021
2.92201,0.005207628,0.01125806,0.07066652,0.5601121
2.95188,0.005718299,0.008125392,0.07003325,0.5601662
2.986373,0.005792166,0.006201344,0.06999434,0.5600858
3.017623,0.005857945,0.00498739,0.07000393,0.5599415
3.044922,0.005864272,0.00351476,0.07002899,0.559889
3.08336,0.005975171,-0.0006560874,0.06954444,0.5605629
3.116548,0.005802911,-0.0007184882,0.06981737,0.5603896
3.146239,0.005750495,-0.001276217,0.06999312,0.5601717
3.178255,0.005762071,-0.001827681,0.07005485,0.5600425
3.207896,0.005310177,-0.002008886,0.07120644,0.5592843
3.237201,0.005240605,-0.002532083,0.0713967,0.5591947
3.271534,0.005084776,-0.003949249,0.07295474,0.5583447
3.310173,0.005774359,-0.002865835,0.07505672,0.5572259
3.342055,0.005383612,-0.006144272,0.07519293,0.5576199
3.378284,0.005020845,-0.009151999,0.07490589,0.5579801
3.409651,0.005182046,-0.00846374,0.07540453,0.5578338
3.439744,0.005568161,-0.008963411,0.07616825,0.5575558
3.469528,0.005812044,-0.01002691,0.076669,0.5574328
3.498681,0.005858902,-0.01046944,0.07676079,0.557412
3.531458,0.005882872,-0.01102896,0.07681122,0.5574029
3.561278,0.005925817,-0.01200542,0.07690068,0.5573873
3.592139,0.006130152,-0.01209566,0.07717858,0.5572701
3.6188,0.006226904,-0.01465721,0.07728592,0.5572079
3.649362,0.006502178,-0.01516261,0.07753561,0.5570126
3.676991,0.006854701,-0.01509527,0.07786059,0.5567707
3.702315,0.00753081,-0.0163046,0.07845842,0.5563103
3.735563,0.008218251,-0.01824501,0.07910841,0.5558824
3.765541,0.008129165,-0.0211793,0.0788167,0.5558226
3.794977,0.007909459,-0.02398617,0.07831479,0.5558187
3.823022,0.007847804,-0.02644708,0.07805606,0.5557717
3.853188,0.007781619,-0.0268569,0.07799684,0.5558186
3.88043,0.007951654,-0.02687274,0.07814121,0.5556951
3.912112,0.007950858,-0.02810961,0.07813711,0.5556942
3.954475,0.008347734,-0.03075384,0.07841954,0.5553848
3.985025,0.008650583,-0.03449843,0.07843449,0.5550604
4.013855,0.008718388,-0.03707036,0.07838562,0.5549659
4.047977,0.008870247,-0.04099178,0.07808108,0.5546821
4.07993,0.008933947,-0.04410426,0.07769,0.5544807
4.114934,0.00897979,-0.04724788,0.07697735,0.5542406
4.148294,0.009305872,-0.05010483,0.07672591,0.5538556
4.179999,0.009437063,-0.05238516,0.07646129,0.5536768
4.209045,0.009603384,-0.05410492,0.0763289,0.553489
4.236984,0.009742084,-0.05565779,0.07618374,0.5533301
4.269649,0.009784313,-0.05611477,0.07616984,0.5532859
4.295817,0.009817477,-0.05692207,0.07610516,0.5532449
4.324919,0.009902718,-0.0579683,0.07601213,0.5531492
4.36013,0.01049681,-0.06179029,0.07600079,0.552551
4.389333,0.01075039,-0.06452269,0.07556432,0.5522645
4.422693,0.01080515,-0.06666171,0.07497963,0.5521949
4.453857,0.01055144,-0.0685533,0.0741675,0.5524815
4.486312,0.01065296,-0.07026033,0.07394955,0.552399
4.517721,0.01077516,-0.07113084,0.07426143,0.5522502
4.54884,0.01096814,-0.07247692,0.07436885,0.5520501
4.590047,0.01099286,-0.07289948,0.07431959,0.5520282
4.62295,0.01091329,-0.07310604,0.07418633,0.5521171
4.654881,0.01090368,-0.07326014,0.07410352,0.5521333
4.690307,0.010859,-0.07366915,0.07390082,0.5521968
4.72435,0.01098749,-0.07642335,0.07375955,0.5520828
4.760656,0.01134492,-0.0785571,0.07395505,0.5517033
4.808305,0.01158575,-0.08012406,0.07434005,0.5514331
4.838951,0.01163728,-0.08125623,0.07439252,0.5513786
4.870806,0.01179628,-0.08256645,0.07474898,0.5512064
4.897801,0.01190397,-0.08257034,0.07512765,0.5510967
4.928744,0.01191294,-0.0831686,0.0752821,0.5510904
4.959973,0.01176865,-0.08291291,0.07518399,0.5512328
4.98888,0.01179537,-0.08315407,0.07529178,0.5512083
5.025315,0.01171415,-0.08328579,0.07532542,0.5512904
5.056092,0.01187099,-0.08696346,0.07501311,0.551129
5.102682,0.01039036,-0.08808012,0.0729962,0.5528047
5.13566,0.009101372,-0.08710593,0.07037757,0.5551599
5.166255,0.008957122,-0.08651098,0.06888356,0.5564564
5.198399,0.009299597,-0.08661657,0.06726465,0.557838
5.236913,0.0090337,-0.08654103,0.0674219,0.5580827
5.267108,0.009253546,-0.08558634,0.06656132,0.5592031
5.301285,0.009305011,-0.08561138,0.06629644,0.559709
5.334227,0.009366875,-0.08536082,0.06612655,0.56
5.364532,0.009451376,-0.08528782,0.06599902,0.5601172
5.40346,0.009857207,-0.08565354,0.06542701,0.5606501
5.448819,0.009714911,-0.08663694,0.065452,0.5612069
5.487167,0.008726048,-0.08734008,0.06637615,0.5616685
5.522051,0.00756812,-0.08798347,0.06757161,0.5615525
5.550806,0.007422101,-0.08802729,0.06767382,0.5618106
5.585418,0.007132415,-0.08810704,0.06797592,0.5617616
5.61934,0.006532529,-0.08801716,0.06856952,0.5618499
5.660521,0.004931774,-0.08859304,0.07020864,0.5618316
5.693412,0.004909732,-0.08866879,0.07019028,0.5620141
5.725154,0.004433965,-0.08845805,0.07068884,0.5619637
5.751473,0.004063515,-0.08857851,0.07106516,0.5619856
5.7791,0.003706458,-0.08897741,0.07136513,0.5622751
5.809877,0.001978087,-0.08919208,0.07361133,0.5615913
5.840071,0.002459569,-0.08874672,0.07549657,0.5605911
5.874565,0.00247991,-0.08827569,0.0759949,0.5607284
5.906768,0.002741936,-0.08837543,0.07644246,0.5606682
5.938482,0.003065581,-0.08923844,0.07677404,0.5604999
5.97232,0.004232626,-0.08906528,0.07783608,0.5598581
6.006312,0.004345231,-0.09012207,0.07792228,0.5597842
6.042614,0.004782113,-0.09147381,0.0782778,0.559518
6.07744,0.004929439,-0.09261306,0.07828973,0.5593289
6.106062,0.004937228,-0.09208395,0.07835823,0.5593808
6.140035,0.005548954,-0.09568009,0.07850244,0.5586961
6.167724,0.005911337,-0.09950163,0.07844578,0.5581968
6.197085,0.0061206,-0.1006525,0.07858016,0.5580357
6.229093,0.006241465,-0.1011242,0.07865942,0.5579439
6.262859,0.006882507,-0.1038734,0.07909837,0.5574708
6.307332,0.007357779,-0.1071023,0.07943087,0.557126
6.349646,0.008457824,-0.1116082,0.07990286,0.5561082
6.389193,0.008881943,-0.1145114,0.07993578,0.5556158
6.42179,0.00937296,-0.1154749,0.08022251,0.5552168
6.454512,0.009454058,-0.1158081,0.08023421,0.5551271
6.480086,0.009796568,-0.1175407,0.08031758,0.5547723
6.518956,0.01063294,-0.1215748,0.08051665,0.5539101
New Try
1.033016,0.009088278,0.1402039,0.06695458,0.558773
1.063263,0.00786684,0.1378667,0.06887006,0.5580694
1.098259,0.007484709,0.1370269,0.06937261,0.5580651
1.158026,0.007215721,0.1357752,0.06996107,0.5578352
1.187393,0.006520411,0.1333343,0.07068305,0.5581133
1.216932,0.005870793,0.1298385,0.07193805,0.557991
1.247255,0.004998392,0.1282196,0.07330696,0.5582971
1.275756,0.004682072,0.127121,0.07434726,0.5583637
1.306619,0.004507981,0.1260002,0.07508478,0.5584928
1.344637,0.003989798,0.1234519,0.07498164,0.5590103
1.377546,0.004001904,0.1231751,0.07520108,0.5590032
1.406632,0.00404569,0.1223733,0.07541981,0.5589762
1.452475,0.003974555,0.1192326,0.07556324,0.5590656
1.485489,0.003816624,0.1177329,0.07552997,0.5592204
1.568135,0.003434992,0.1165768,0.07541474,0.5595902
1.602969,0.003389532,0.1156652,0.07544801,0.5596402
1.630736,0.00327737,0.115165,0.07541056,0.5597485
1.662297,0.001972439,0.1116148,0.07378589,0.5614455
1.69082,0.002418599,0.1096204,0.07261308,0.5626099
1.716405,0.00289196,0.1086045,0.07211382,0.5631827
1.747843,0.003002309,0.1079064,0.07201324,0.5633052
1.778726,0.002998315,0.1066975,0.07201739,0.5633065
1.811895,0.003400762,0.1039382,0.07168991,0.5637801
1.841141,0.003699766,0.1030829,0.07143208,0.5639789
1.867153,0.003572762,0.1033707,0.0715448,0.563909
1.892047,0.003772243,0.1026302,0.07138119,0.5640649
1.920383,0.003887999,0.1017331,0.07131483,0.5642394
1.947167,0.004177824,0.0999977,0.07109949,0.5644968
1.972911,0.003337744,0.09791058,0.07189088,0.5642141
1.999322,0.003468623,0.0964087,0.07186212,0.5644782
2.031029,0.00323039,0.09529838,0.0722365,0.5646729
2.059542,0.003317581,0.09451993,0.07228914,0.5649125
2.092689,0.003329252,0.09340874,0.07240571,0.5650865
2.122933,0.004000639,0.08902102,0.0721451,0.5658026
2.152102,0.004122113,0.08903741,0.07236178,0.5661673
2.179932,0.004213681,0.08893735,0.07246402,0.5663651
2.206731,0.004236098,0.08805288,0.07252726,0.5664395
2.238901,0.004121604,0.08603407,0.07270728,0.5664251
2.265882,0.004121604,0.08603407,0.07270728,0.5664251
2.294109,0.004226794,0.08531138,0.07271089,0.5665533
2.320021,0.004068246,0.08512145,0.07292588,0.5664998
2.345152,0.003943018,0.08366111,0.07318732,0.5665017
2.371868,0.002655412,0.08009543,0.07514925,0.5656512
2.398266,0.003388747,0.07528907,0.07446101,0.5663456
2.4262,0.003254331,0.07642062,0.07488247,0.5662522
2.462097,0.003668016,0.07446379,0.07465293,0.5666516
2.487256,0.003489472,0.07372538,0.07497393,0.5664894
2.513003,0.003534088,0.07280711,0.07530838,0.5665206
2.547082,0.003669046,0.071448,0.07558902,0.5666215
2.57536,0.003730525,0.07124174,0.07566907,0.5666701
2.603723,0.00380953,0.07061166,0.07569811,0.566745
2.628961,0.00395723,0.07115144,0.07579637,0.5668763
2.662983,0.004301745,0.06884132,0.07634082,0.5670875
2.690467,0.004787921,0.068275,0.07597724,0.5676872
2.718563,0.004697373,0.06817936,0.07657599,0.5674251
2.746907,0.004708318,0.06765382,0.07638723,0.5674993
2.777504,0.004647109,0.0662159,0.07599241,0.5675399
2.803891,0.004759038,0.06490862,0.07576211,0.5676976
2.830313,0.004566936,0.06430037,0.07593343,0.5674706
2.866491,0.004332699,0.06265938,0.07624599,0.5671497
2.895992,0.004332699,0.06265938,0.07624599,0.5671497
2.928445,0.004232115,0.06172221,0.07632075,0.5670208
2.954476,0.004215051,0.06116589,0.07634393,0.5669951
2.978725,0.004165715,0.06121356,0.07648227,0.5668931
3.00611,0.004181722,0.06081008,0.07636686,0.566952
3.030323,0.003938402,0.06055885,0.07697085,0.5664098
3.067033,0.003397831,0.05822673,0.07677951,0.5658946
3.098539,0.00295211,0.05689338,0.07707292,0.5651019
3.124076,0.002660109,0.05582286,0.07675949,0.5649951
3.152726,0.002401493,0.05513157,0.07656153,0.5648245
3.197558,0.001921164,0.0539018,0.07569727,0.5647902
3.226457,0.001475177,0.0533412,0.07554596,0.5643705
3.257214,0.001254986,0.05221717,0.07482271,0.5642424
3.294174,0.001793626,0.05124556,0.07364004,0.5641695
3.348071,0.002469919,0.0505648,0.07285971,0.5642328
3.389017,0.002520559,0.05048639,0.07268821,0.5640044
3.428681,0.002479048,0.05037668,0.07263412,0.5637405
3.465054,0.004176036,0.0484465,0.07086971,0.5636165
3.504929,0.004252956,0.0486383,0.07075746,0.5632974
3.53524,0.004252956,0.0486383,0.07075746,0.5632974
3.572667,0.004245156,0.04877242,0.07076748,0.5633273
3.608555,0.004268038,0.04903332,0.07073405,0.5631335
3.643674,0.004265493,0.04648335,0.07073564,0.5629018
3.678633,0.003842281,0.04464851,0.07116588,0.5627497
3.715636,0.003795962,0.0439059,0.07121712,0.5626852
3.744025,0.003795962,0.0439059,0.07121712,0.5626852
3.770453,0.003730675,0.04272984,0.07128599,0.5626479
3.79892,0.003440364,0.03997938,0.07158211,0.5626075
3.825816,0.002856274,0.03793292,0.07220345,0.562419
3.854895,0.002625741,0.03518982,0.0725258,0.5621209
3.880768,0.002263246,0.03335033,0.07292736,0.5620909
3.917182,0.002056747,0.03016186,0.07315604,0.562089
3.971184,0.001835273,0.02981221,0.07345246,0.5620134
4.008944,0.001883654,0.02785202,0.07340723,0.5619944
4.036919,0.002046977,0.02608889,0.07319967,0.5620259
4.0631,0.002020312,0.02600291,0.07327846,0.5619427
4.092374,0.002020312,0.02600291,0.07327846,0.5619427
4.132125,0.002002174,0.0247464,0.07339237,0.5618066
4.15816,0.002026292,0.02301279,0.0733392,0.5618392
4.18606,0.002019175,0.02261952,0.07337024,0.561808
4.214982,0.002208745,0.01946117,0.07325363,0.5616477
4.244005,0.002683454,0.01558828,0.07276358,0.561517
4.273,0.002765755,0.01409024,0.07281774,0.5613009
4.303259,0.002933611,0.01194895,0.07295634,0.5608954
4.337871,0.003386541,0.008684659,0.07287973,0.5603594
4.366874,0.003719482,0.006302049,0.0724942,0.5602513
4.396289,0.00384823,0.005410579,0.07243791,0.5601287
4.421404,0.004057056,0.00406399,0.07228279,0.5599873
4.45082,0.004080086,0.0037487,0.07222959,0.5600047
4.480131,0.0042342,0.002931895,0.07196926,0.5600432
4.506485,0.004469343,0.001053057,0.07176913,0.5599119
4.542611,0.005112046,-0.003502765,0.07090994,0.5599334
4.572348,0.005263928,-0.006315738,0.0707619,0.5598779
4.60039,0.005403798,-0.008686723,0.07076571,0.5596427
4.634338,0.005340707,-0.01035171,0.07090648,0.5595698
4.661932,0.005386657,-0.01245012,0.07088983,0.5595183
4.690339,0.005374379,-0.01361551,0.07093013,0.55949
4.715671,0.005284796,-0.01428499,0.07097279,0.5595779
4.750846,0.005016518,-0.01642348,0.07129992,0.5596126
4.78024,0.004801132,-0.0173293,0.07151271,0.5597001
4.811531,0.004801132,-0.0173293,0.07151271,0.5597001
4.83827,0.004704863,-0.01756612,0.07164145,0.5597052
4.86593,0.004704863,-0.01756612,0.07164145,0.5597052
4.895377,0.004734223,-0.0178636,0.0716635,0.5596414
4.926296,0.004664327,-0.01910959,0.07196067,0.5594619
4.967395,0.004144306,-0.02194933,0.07314002,0.5592965
4.997101,0.003622302,-0.02349946,0.07433876,0.5594386
5.027184,0.003822439,-0.02455578,0.07521326,0.5591835
5.05784,0.003954455,-0.02536585,0.0757807,0.5591234
5.089022,0.004425684,-0.02671922,0.07649051,0.5588329
5.122739,0.004682306,-0.02800019,0.07697319,0.5587538
5.152604,0.004915558,-0.02995162,0.07719984,0.5586042
5.195249,0.00495695,-0.03055919,0.07722063,0.5585683
5.226098,0.004915362,-0.03003343,0.07723816,0.5586238
5.250068,0.005179898,-0.03126761,0.07742496,0.5584228
5.283864,0.005349262,-0.0333306,0.07739477,0.5582168
5.322944,0.005363076,-0.03553618,0.0771531,0.5580881
5.350952,0.005448041,-0.03825438,0.0768682,0.5578823
5.392787,0.005608491,-0.04083151,0.07669947,0.5576552
5.428394,0.005650433,-0.04194996,0.0764228,0.5575317
5.45896,0.005714056,-0.04231098,0.07639433,0.5574587
5.486313,0.005742333,-0.04398517,0.07617155,0.5573785
5.515151,0.005700453,-0.04625688,0.07564057,0.5573357
5.543612,0.005700453,-0.04625688,0.07564057,0.5573357
5.567455,0.005788467,-0.04656373,0.07562314,0.5572452
5.598158,0.005729411,-0.04820378,0.07519479,0.5572739
5.637336,0.005572585,-0.05147392,0.07419019,0.5574866
5.671324,0.005889245,-0.05421082,0.07362615,0.5572733
5.701733,0.005996586,-0.0549979,0.07350609,0.5571925
5.731143,0.006108826,-0.0557345,0.07332476,0.5571254
5.759277,0.006473206,-0.05708395,0.0731399,0.5567998
5.79399,0.006580573,-0.05755894,0.07280234,0.5567973
5.823039,0.006867426,-0.05861586,0.07231063,0.5566811
5.860589,0.006911649,-0.05903791,0.07199895,0.5567739
5.891719,0.007113854,-0.05915091,0.07147562,0.5568206
5.921863,0.007105853,-0.05919686,0.07140605,0.55687
5.952673,0.007072565,-0.05922827,0.07125922,0.5569977
5.982519,0.007164076,-0.05939627,0.07073855,0.5572412
6.012894,0.007317289,-0.05990048,0.07032385,0.5573719
6.042285,0.007530773,-0.06107963,0.06960467,0.5577462
6.08124,0.007668568,-0.06164008,0.06926457,0.5579097
6.116058,0.007579467,-0.06225664,0.06953886,0.5577441
6.14407,0.007469832,-0.06261373,0.0695393,0.5579031
6.176061,0.007054375,-0.06356025,0.07039893,0.5576527
6.208271,0.007050595,-0.06329237,0.06992877,0.5581017
6.233955,0.007139455,-0.06359978,0.06971648,0.5581983
6.266822,0.007144816,-0.06392318,0.06970098,0.5582075
6.306777,0.00696028,-0.06404331,0.07009877,0.558058
6.335408,0.006964887,-0.06413443,0.06993487,0.5582194
6.368005,0.006954361,-0.06544237,0.07010952,0.5580557
6.404393,0.006930571,-0.06689335,0.07001314,0.5581871
6.435141,0.006772852,-0.06902026,0.07046449,0.55797
6.467892,0.006687022,-0.06997208,0.07037436,0.558171
6.507295,0.006528766,-0.07052039,0.07065335,0.5581285
6.541773,0.00627636,-0.07113029,0.07067031,0.5584562
6.575493,0.005870705,-0.07188317,0.07086994,0.5588278
6.605148,0.005547327,-0.07274657,0.0713027,0.5588645
6.634014,0.00530342,-0.0733824,0.07160085,0.5589291
6.664662,0.00520064,-0.07391751,0.07190668,0.5588194
6.694669,0.005083067,-0.07427074,0.07207996,0.5588394
6.733935,0.005016481,-0.07524422,0.07254411,0.5586258
6.767213,0.005005785,-0.07654551,0.07308447,0.5583752
6.798545,0.00552328,-0.08112949,0.07410879,0.5575491
6.828592,0.004786239,-0.08091781,0.07371444,0.5583897
6.860273,0.004711377,-0.08250877,0.07344102,0.5585541
6.891565,0.004699179,-0.08385514,0.0735412,0.558533
6.926377,0.004554109,-0.08454651,0.07409517,0.5585367
6.964222,0.004625794,-0.08595378,0.07453925,0.5583972
6.997562,0.00468755,-0.08631288,0.07484496,0.558315
7.027451,0.004721582,-0.08647224,0.07499861,0.5582784
7.058247,0.004673408,-0.0863479,0.07496848,0.5583267
7.089328,0.00470623,-0.08706507,0.07552692,0.5583234
7.117115,0.00500512,-0.08863351,0.07572066,0.5580471
7.148029,0.005406976,-0.08975939,0.07608496,0.557703
7.193121,0.005893451,-0.09214104,0.07586776,0.5571708
7.223429,0.006015483,-0.09340598,0.07567112,0.5570221
7.254846,0.006257803,-0.09483377,0.07541536,0.556756
7.282891,0.006488362,-0.09644234,0.07520178,0.5565148
7.313877,0.006791255,-0.09842204,0.07498341,0.5562088
7.34489,0.007048845,-0.09942988,0.07499859,0.5559512
7.373699,0.007163953,-0.1000771,0.07495686,0.5558362
7.410995,0.007302923,-0.1007957,0.07502495,0.5556971
7.444741,0.007235803,-0.1007614,0.07495239,0.5557644
7.475842,0.007706571,-0.1033207,0.07475791,0.5552973
7.506304,0.008270881,-0.1058973,0.07480303,0.5547315
7.538091,0.008867054,-0.1094982,0.07468909,0.5541384
7.568379,0.009825173,-0.113044,0.07477288,0.5531775
7.613117,0.01049533,-0.1155416,0.07472074,0.5525084
7.651138,0.01125781,-0.1191017,0.07321969,0.5518839
7.682593,0.01197426,-0.1193041,0.07319881,0.551162
7.715564,0.01217358,-0.1203091,0.07268228,0.5510491
7.748693,0.01221435,-0.1204512,0.07252941,0.5510381
7.77782,0.0123988,-0.12094,0.0724394,0.5508685
7.809512,0.01256178,-0.1217305,0.07206859,0.5507851
7.838083,0.01303816,-0.1222396,0.0718905,0.5503381
7.875724,0.01365427,-0.124067,0.0715294,0.5497942
New Try
1.069424,0.002442374,0.140104,0.07361875,0.5650143
1.102885,0.001717848,0.1407388,0.07405972,0.5644377
1.135936,0.001387889,0.1398824,0.0743611,0.5642321
1.166286,0.00129671,0.1394488,0.07447013,0.5641835
1.198208,0.001102455,0.1388078,0.07502025,0.5641023
1.227957,0.00108108,0.1382769,0.07509319,0.5640771
1.257786,0.00119687,0.1349263,0.07541037,0.5641243
1.289405,0.001602755,0.1333729,0.07637237,0.5638279
1.33138,0.002209699,0.1305091,0.07716135,0.5634598
1.362843,0.002605757,0.1298016,0.0775892,0.5632933
1.396623,0.003388015,0.1291832,0.07838731,0.5629309
1.432272,0.00326009,0.1282445,0.07825326,0.563211
1.461474,0.002969977,0.127079,0.0779292,0.5634905
1.491481,0.003006831,0.1271005,0.07795666,0.563547
1.529342,0.002928479,0.1269008,0.07786538,0.5636047
1.559281,0.002906081,0.1268189,0.07784507,0.5635924
1.596065,0.002851549,0.126633,0.07779016,0.5635886
1.624497,0.002969935,0.1262883,0.07791974,0.5635437
1.656217,0.002476071,0.1243303,0.07718933,0.5641567
1.687768,0.002499086,0.1237233,0.07731036,0.5639527
1.720869,0.002226627,0.1225461,0.07704615,0.5638782
1.767088,0.002525878,0.1198173,0.07750405,0.5633314
1.798364,0.002777104,0.1189712,0.07777651,0.5629426
1.827102,0.0029264,0.1174516,0.07788909,0.5625342
1.857957,0.002538714,0.1169087,0.07750208,0.5625703
1.88951,0.001985845,0.1158631,0.07695652,0.56266
1.921519,0.002197533,0.1158501,0.07714527,0.5625236
1.959137,0.001456771,0.1152581,0.07642917,0.5627178
1.990167,0.0008845091,0.1142243,0.07581103,0.562647
2.024204,0.001770618,0.1112085,0.07330295,0.5635051
2.056479,0.00266975,0.1096073,0.07249173,0.5639144
2.089289,0.003325764,0.1081143,0.07187588,0.5641404
2.124251,0.003420168,0.107329,0.0718218,0.5642636
2.164923,0.003156953,0.1062067,0.0720299,0.56407
2.196003,0.002523836,0.1048395,0.07258391,0.5637296
2.225544,0.002086818,0.1034406,0.07298507,0.563543
2.25822,0.002156526,0.1020943,0.07306128,0.5639445
2.290135,0.002160377,0.101838,0.07307802,0.5639865
2.320854,0.002160377,0.101838,0.07307802,0.5639865
2.351465,0.002096753,0.1009225,0.07313746,0.563963
2.392791,0.001827004,0.09808823,0.07341781,0.5639136
2.440295,0.002303311,0.09689603,0.07292486,0.5639995
2.479268,0.002527945,0.09449756,0.07270702,0.5640643
2.508517,0.0026381,0.09361739,0.07259943,0.564094
2.540992,0.002577133,0.09202807,0.07264477,0.5640462
2.574364,0.002335863,0.09092547,0.0728816,0.5639842
2.620454,0.002328468,0.08935972,0.07292084,0.5640483
2.653895,0.002274211,0.08937019,0.07296543,0.5640162
2.685747,0.002272239,0.08895178,0.0729641,0.5640091
2.718331,0.002017417,0.08800699,0.07317043,0.5638501
2.751442,0.001937939,0.08539863,0.07323425,0.5637986
2.78646,0.002233276,0.08416057,0.07295971,0.5639082
2.825949,0.001625863,0.08308532,0.07346361,0.5635319
2.864505,0.0005134284,0.08207449,0.07450202,0.562875
2.896152,0.0003139687,0.0807604,0.07470446,0.562894
2.927767,0.0005431148,0.08086292,0.07522517,0.5625058
2.957663,0.0004354634,0.07923322,0.07509812,0.5625758
2.988736,0.0007077272,0.07960583,0.0753827,0.5624047
3.026495,0.0007422608,0.07946959,0.07543603,0.5623993
3.057414,0.0007695629,0.07928951,0.07548627,0.5624036
3.090909,0.0004562426,0.07743452,0.07511757,0.5625592
3.125416,0.0002647401,0.07498036,0.07492609,0.5627458
3.160627,0.000383215,0.07225065,0.07472896,0.5627291
3.195328,0.0005061502,0.07066153,0.07453852,0.5627921
3.239228,0.0005871964,0.06894649,0.07441942,0.5629122
3.272896,0.0006197373,0.06777745,0.07496847,0.5623811
3.307122,0.0008629145,0.06576934,0.07498461,0.5621372
3.338032,0.0008431245,0.06460836,0.07491787,0.5621609
3.368091,0.0008159694,0.06258862,0.0745649,0.5623097
3.402671,0.0009186704,0.06133517,0.0742913,0.5624155
3.44099,0.001161137,0.05995759,0.07390459,0.5626149
3.47467,0.001199473,0.05919274,0.07388759,0.5625514
3.505536,0.002503484,0.05476054,0.07250014,0.5631346
3.538474,0.003306829,0.04880975,0.07169463,0.5630983
3.570545,0.003667813,0.04598483,0.07133258,0.5630536
3.605107,0.00348981,0.04438876,0.07153779,0.562562
3.650172,0.003640469,0.04258853,0.07143508,0.5622622
3.682974,0.003552712,0.04104931,0.07156655,0.5620872
3.712005,0.003970408,0.03796473,0.07109557,0.5622792
3.743172,0.004043723,0.0371378,0.07104092,0.562177
3.774999,0.004043723,0.0371378,0.07104092,0.562177
3.809198,0.004375416,0.03479913,0.07071468,0.5621167
3.853566,0.004908732,0.03028533,0.07014852,0.5622525
3.887787,0.005238025,0.02701259,0.06983966,0.5621012
3.924263,0.005128889,0.02417643,0.07000517,0.5618351
3.956192,0.004989589,0.02225461,0.07015737,0.561798
3.989851,0.004725729,0.02020176,0.07046261,0.5616792
4.019241,0.004489939,0.01916938,0.07072464,0.5616286
4.058614,0.004378041,0.01880041,0.07087322,0.5615382
4.090823,0.003987458,0.01829882,0.07147688,0.5611326
4.123504,0.003941846,0.01792157,0.07152542,0.5611385
4.155484,0.003488951,0.01849429,0.07269227,0.5603833
4.191468,0.00406121,0.01984377,0.07486474,0.5589411
4.222534,0.004057866,0.01585316,0.0749431,0.5589426
4.262183,0.003953136,0.01151942,0.07462094,0.5590651
4.29174,0.004285339,0.01101249,0.0750054,0.5587147
4.32453,0.004517465,0.009140949,0.07495669,0.5584828
4.356849,0.00451386,0.005405593,0.07443152,0.5585221
4.3898,0.004738541,0.003416305,0.07412488,0.558343
4.423351,0.005060492,0.002035646,0.07428699,0.55799
4.465365,0.00507266,0.0001547844,0.07402158,0.5580226
4.496464,0.00493789,3.418487E-05,0.07402322,0.5581597
4.531051,0.004987379,-0.002745979,0.0735319,0.5582336
4.561609,0.00515049,-0.0042363,0.07299252,0.5582569
4.592479,0.006149721,-0.01052914,0.07129692,0.5580902
4.625029,0.006455288,-0.01233908,0.0712781,0.5577257
4.670456,0.006826234,-0.01445053,0.0713973,0.5572019
4.722095,0.006986305,-0.01561642,0.0712195,0.557125
4.750874,0.007233348,-0.01767573,0.07121345,0.556837
4.784807,0.007529996,-0.02049863,0.07069399,0.5568227
4.81689,0.008459419,-0.02641647,0.06974582,0.5563701
4.849829,0.008414937,-0.0259754,0.06997294,0.5562517
4.890815,0.008607631,-0.02877761,0.06985258,0.5561011
4.923435,0.008743322,-0.03152747,0.07056677,0.555464
4.956457,0.008890976,-0.0351671,0.07195763,0.5546458
4.995315,0.009170088,-0.03958387,0.07278285,0.554102
5.029496,0.009544926,-0.04191333,0.07325969,0.5536151
5.059104,0.00989382,-0.04383288,0.0736002,0.5532057
5.101027,0.01056102,-0.04727372,0.0739307,0.5524933
5.134178,0.01092884,-0.05082162,0.07428986,0.5520943
5.167683,0.01139938,-0.05432999,0.0746261,0.5516068
5.202529,0.01161608,-0.05576094,0.07504416,0.551384
5.234825,0.01155204,-0.05562062,0.07500095,0.551448
5.26683,0.01178525,-0.05756845,0.07523312,0.5512171
5.308438,0.01244155,-0.06133118,0.0757847,0.5505832
5.342372,0.01272189,-0.06231076,0.07601458,0.5503187
5.375006,0.01295863,-0.06448283,0.07659093,0.5501394
5.407168,0.01430842,-0.06772868,0.07769372,0.5489475
5.440407,0.01481052,-0.06978676,0.07831738,0.5485658
5.47364,0.01529168,-0.07237153,0.0789689,0.5482324
5.516421,0.0160743,-0.07613827,0.07940169,0.5475401
5.548348,0.01617248,-0.07737052,0.07955133,0.5474812
5.579599,0.01626116,-0.07778736,0.07955789,0.5473907
5.611243,0.0163139,-0.07824222,0.07953501,0.5473291
5.641956,0.01657424,-0.07911368,0.0798097,0.547139
5.673872,0.01695951,-0.07914869,0.08018456,0.5468524
5.718392,0.01729251,-0.08090769,0.08034326,0.5465537
5.749586,0.01773241,-0.08180353,0.08063614,0.5461872
5.785666,0.01803941,-0.08291577,0.08064739,0.5458674
5.817091,0.01824864,-0.08423917,0.08049639,0.5455988
5.851952,0.01860561,-0.08523707,0.08053932,0.5452381
5.889296,0.01903084,-0.08651738,0.08063963,0.544824
5.92765,0.01943138,-0.08824724,0.08057196,0.5443847
5.963701,0.01948225,-0.08853381,0.08055851,0.5443276
5.993989,0.01955642,-0.08913874,0.08051025,0.5442359
6.025591,0.01961504,-0.08959007,0.08060484,0.5442028
6.064648,0.02008705,-0.09309468,0.0804408,0.5436639
6.095744,0.02008185,-0.09328733,0.08062247,0.5437213
6.138064,0.02027483,-0.09519012,0.08085835,0.54359
6.171131,0.01984181,-0.09722542,0.08032442,0.5438859
6.204112,0.01899029,-0.09672258,0.07992972,0.5446607
6.241302,0.01855975,-0.09712555,0.08006532,0.5451449
6.278321,0.0183917,-0.09777718,0.07986229,0.5452627
6.310471,0.0181257,-0.0980252,0.07960202,0.5454683
6.352654,0.01806567,-0.09832732,0.07954637,0.5455158
6.386541,0.0180869,-0.09935188,0.07953211,0.5454901
6.421736,0.01839127,-0.1002925,0.07960851,0.5451955
6.454069,0.01918519,-0.1024161,0.08063849,0.5446621
6.489548,0.01863829,-0.1032857,0.08073364,0.5452656
6.522471,0.01856874,-0.1032394,0.08107115,0.5454518
6.562022,0.01844582,-0.1040802,0.08091056,0.5455268
6.595429,0.01848556,-0.1045287,0.08101495,0.5455204
6.624523,0.01861155,-0.1049443,0.08112302,0.5454245
6.654837,0.01828724,-0.1049943,0.08092713,0.5457
6.688484,0.01811141,-0.1054579,0.08080153,0.5458429
6.721731,0.01811141,-0.1054579,0.08080153,0.5458429
6.757644,0.01793046,-0.1067136,0.08077454,0.5460249
6.801545,0.01706013,-0.1094359,0.08048393,0.5468453
6.83706,0.01676616,-0.111931,0.08026722,0.5470827
6.871361,0.01675254,-0.1132038,0.08009557,0.5470412
6.904194,0.01635029,-0.1144414,0.07965241,0.5473256
6.938787,0.0162626,-0.1158322,0.07931645,0.5473207
6.970732,0.01619937,-0.1171579,0.0790221,0.5473079
7.007533,0.0162365,-0.1189734,0.07887422,0.5472325
7.056868,0.01591109,-0.1195198,0.07843601,0.5474644
7.090475,0.01595145,-0.1199016,0.07831897,0.5473977
7.125453,0.01570714,-0.1209213,0.07800362,0.5475827
7.160965,0.01553035,-0.1225856,0.07739162,0.5476549
7.191469,0.01544075,-0.1235797,0.07702018,0.547692
7.237332,0.01541124,-0.1244709,0.07673284,0.5476865
New Try
1.051903,0.01254871,0.1406662,0.06478817,0.5702931
1.080701,0.009078001,0.138418,0.06795059,0.5687198
1.118212,0.008616468,0.1364012,0.06879465,0.5689781
1.162643,0.007784213,0.1335882,0.07020305,0.5691305
1.193433,0.007262132,0.1315397,0.07092246,0.5690094
1.222811,0.007062776,0.1301358,0.07133438,0.5690371
1.255732,0.00705709,0.1293005,0.07138633,0.5690617
1.287339,0.006958016,0.1279231,0.0716759,0.5691127
1.321265,0.004233946,0.1217738,0.07447997,0.5672019
1.360186,0.003717555,0.1183169,0.07580699,0.5666289
1.394169,0.004039831,0.1139773,0.07676858,0.5666322
1.426256,0.00460753,0.1134768,0.07798659,0.5665085
1.454216,0.004876571,0.1123723,0.07867571,0.5662047
1.486097,0.005216452,0.1109126,0.07944006,0.5657381
1.514716,0.0054483,0.1104577,0.0797898,0.5655965
1.546304,0.005623769,0.1099765,0.08007745,0.5654179
1.586223,0.005932484,0.1061307,0.08062732,0.5648782
1.617919,0.006254914,0.1068,0.08105006,0.5645877
1.649812,0.006227075,0.1066024,0.08100975,0.5646308
1.68117,0.006421912,0.1048443,0.08124182,0.5645102
1.714959,0.007665602,0.1006142,0.08262884,0.5637499
1.742948,0.007276542,0.09580491,0.08210744,0.5645596
1.773919,0.006661659,0.0916095,0.08113421,0.565598
1.812212,0.006327143,0.08959396,0.08051184,0.5661069
1.84429,0.006010733,0.08627421,0.08009418,0.5661904
1.876212,0.005734237,0.08277632,0.07959314,0.5664329
1.904975,0.00580514,0.08073664,0.07992267,0.5660769
1.936315,0.005689984,0.07801784,0.07954097,0.5664287
1.96737,0.005639553,0.07748493,0.07940552,0.5665208
1.999361,0.005588618,0.07691298,0.07934351,0.5665166
2.039265,0.005447189,0.07378477,0.07876144,0.56694
2.069794,0.005464354,0.07089487,0.07825354,0.5673902
2.104375,0.005330235,0.06545697,0.07712426,0.5678887
2.134384,0.005331639,0.06557209,0.07750717,0.5677054
2.166947,0.005358505,0.06467623,0.07735844,0.5678116
2.202052,0.005341898,0.06254295,0.0770447,0.5679351
2.244874,0.005345878,0.05897775,0.07626861,0.5681932
2.275273,0.005429354,0.05735715,0.07609895,0.568317
2.305794,0.005630068,0.05598335,0.07567725,0.5685892
2.338526,0.005724796,0.055075,0.07545672,0.5687066
2.369407,0.005907037,0.05354945,0.07504303,0.5689069
2.4,0.005873924,0.05362748,0.07517964,0.5688712
2.430545,0.00639596,0.05120552,0.0746515,0.5693865
2.470384,0.006293672,0.0498466,0.07459737,0.5692808
2.500292,0.005809288,0.04669089,0.07470044,0.5688016
2.533387,0.005180598,0.04441363,0.07500263,0.5681806
2.563487,0.005219101,0.04232861,0.07471138,0.5682111
2.612921,0.004466473,0.04123013,0.0756657,0.5674166
2.644122,0.004449937,0.03982714,0.07541703,0.5674304
2.684816,0.004674191,0.03688658,0.07489209,0.567673
2.714894,0.004569572,0.03763549,0.07514518,0.5675673
2.748738,0.004560493,0.03671248,0.07517658,0.5675571
2.780928,0.004722246,0.03528924,0.07514264,0.5677201
2.81102,0.004609079,0.03492922,0.07533581,0.5675969
2.841145,0.004281963,0.03361171,0.07586221,0.5671943
2.872293,0.003854047,0.03085261,0.07666648,0.5664752
2.916623,0.003803472,0.03007543,0.07796891,0.5653774
2.948394,0.003929549,0.02859368,0.07829069,0.5651478
2.980811,0.003934055,0.02642473,0.07846337,0.564866
3.012208,0.003430663,0.0239417,0.07792889,0.5647864
3.043497,0.00336237,0.02317552,0.07798611,0.5645456
3.073356,0.003011342,0.02149474,0.07761522,0.5644929
3.111896,0.003111391,0.02169448,0.07778807,0.5643811
3.14341,0.003219815,0.021268,0.07804166,0.5640562
3.176159,0.003479282,0.01964902,0.07845522,0.5634085
3.206588,0.002643003,0.01550923,0.07761043,0.5634137
3.2412,0.001715825,0.0103737,0.07670491,0.5631933
3.274721,0.001280322,0.007544005,0.07627209,0.5628551
3.316473,0.0003704229,0.003628695,0.0751427,0.5626582
3.348085,0.0006041288,0.001726179,0.07475994,0.5624456
3.38469,0.0008576709,0.0003875659,0.07471388,0.5621915
3.416082,0.001145824,-0.001726894,0.07448564,0.5619761
3.446952,0.001145824,-0.001726894,0.07448564,0.5619761
3.479561,0.001210085,-0.00165233,0.07467523,0.5618343
3.517316,0.001341406,-0.002651735,0.07449058,0.5617591
3.548845,0.001750339,-0.004951604,0.0738476,0.5616826
3.580338,0.002268703,-0.008123139,0.07363047,0.5611913
3.613514,0.002849107,-0.01031203,0.07383496,0.5604
3.648486,0.003070751,-0.01178731,0.07345338,0.5603472
3.681775,0.003458449,-0.01377594,0.07325819,0.5600122
3.723246,0.00376493,-0.0165706,0.07277986,0.5599594
3.755158,0.003863761,-0.01965153,0.0726404,0.5599405
3.787942,0.003661849,-0.02126352,0.07271223,0.5601408
3.820197,0.003688012,-0.02213399,0.07271269,0.560107
3.853596,0.003614268,-0.02219525,0.07262626,0.5602745
3.882545,0.003554953,-0.02338867,0.07320716,0.5599303
3.923073,0.003977423,-0.02907102,0.07418866,0.5591062
3.956715,0.00481707,-0.02991042,0.07543159,0.5582023
3.987821,0.005138959,-0.03151079,0.07582102,0.5579271
4.021737,0.005601829,-0.0342799,0.0760551,0.5574985
4.054574,0.005969383,-0.03597587,0.076023,0.557119
4.085203,0.005959128,-0.03658909,0.07585301,0.5571023
4.122005,0.006299829,-0.03808371,0.07576375,0.5567467
4.156886,0.006687046,-0.04015214,0.07543989,0.5563275
4.191205,0.006686286,-0.04070593,0.07521731,0.5563173
4.221512,0.006781771,-0.04123035,0.0751146,0.5562192
4.255757,0.007032427,-0.04384328,0.07457412,0.5559805
4.289719,0.00737148,-0.04871701,0.07373354,0.5557382
4.336785,0.007927204,-0.05006877,0.07420623,0.5551127
4.37191,0.008087563,-0.05249804,0.07374115,0.555011
4.402844,0.008228203,-0.0549931,0.07318948,0.5549735
4.436617,0.00825085,-0.05586442,0.07259028,0.5551089
4.469485,0.008214242,-0.05742617,0.07193707,0.5553782
4.500289,0.00838515,-0.05866403,0.0712234,0.5555135
4.538885,0.008599421,-0.06013116,0.07078531,0.5555043
4.571481,0.008571986,-0.06001831,0.07074465,0.5555589
4.602732,0.008659122,-0.06056083,0.07057215,0.5555586
4.634277,0.008859796,-0.06240314,0.07010545,0.5556149
4.666513,0.009367938,-0.0661016,0.06934347,0.5555326
4.699568,0.009676633,-0.06890252,0.06929965,0.5551806
4.731636,0.009621446,-0.06849393,0.0694162,0.5551646
4.771706,0.009834277,-0.07034259,0.06981054,0.5546464
4.80314,0.009706522,-0.07258231,0.07039955,0.554453
4.836842,0.009755321,-0.07528781,0.07082134,0.554185
4.871514,0.009372803,-0.07747586,0.07154409,0.5542876
4.916978,0.009483658,-0.07816477,0.07183646,0.5540596
4.949765,0.0095265,-0.07871978,0.07200715,0.5539559
4.991673,0.009006359,-0.08242544,0.07295043,0.55423
5.028646,0.009749119,-0.08503789,0.07409129,0.5532933
5.055936,0.01015339,-0.08658755,0.07452611,0.5528577
5.087887,0.01031825,-0.0887325,0.07493457,0.552682
5.121386,0.01062482,-0.08978955,0.07518788,0.5523769
5.152438,0.01094877,-0.09169,0.07553429,0.5520643
5.198616,0.01166031,-0.09521051,0.07623674,0.5514055
5.232653,0.01210656,-0.09759933,0.07673039,0.5510178
5.264231,0.01206391,-0.09792949,0.0767118,0.5510582
5.29862,0.01220575,-0.09854043,0.07679739,0.5509273
5.330613,0.0124895,-0.09954698,0.07694599,0.5506631
5.361766,0.01266242,-0.1004524,0.07713212,0.5505184
5.406417,0.01304489,-0.1031373,0.07729477,0.5501586
5.439324,0.01373759,-0.1078613,0.07709488,0.5494231
5.471846,0.01394981,-0.110504,0.07659405,0.5491416
5.50586,0.01436907,-0.1130606,0.07646485,0.5487058
5.538648,0.01468409,-0.1155002,0.07588919,0.5483429
5.570907,0.01481466,-0.1160499,0.07578006,0.5482059
5.615948,0.01530557,-0.1189266,0.07532513,0.5476979
5.646147,0.01548219,-0.1199404,0.0751876,0.547519
5.673939,0.01585004,-0.1217464,0.07496979,0.54715
5.713675,0.01614062,-0.122891,0.07488601,0.5468598
